10162253-10101|0036896|1|9999|231900|0|0|0|0|1
10162253-10101|0062773|1|9999|288900|0|0|0|0|1
10162253-10101|0073199|1|9999|356900|0|0|0|0|1
10162253-10101|0034423|1|9999|175900|0|0|0|0|1
10162253-10101|0053073|1|9999|124900|0|0|0|0|1
10162246-10101|0073846|1|9999|719900|0|0|0|0|1
10162246-10101|0073847|1|9999|799900|0|0|0|0|1
10162253-10101|0053072|1|9999|104900|0|0|0|0|1
10162253-10101|0078091|1|9999|267900|0|0|0|0|1
10162405-10101|0033714|1|9999|16100|0|0|0|0|1
10162380-10101|0051960|1|9999|19400|0|0|0|0|1
10162382-10101|0030749|1|9999|17900|0|0|0|0|1
10162403-10101|0004467|1|9999|7400|0|0|0|0|1
10162381-10101|0015224|1|9999|4200|0|0|0|0|1
10162357-10101|0029728|1|9999|6300|0|0|0|0|1
10162414-10101|0083856|1|9999|5000|0|0|0|0|1
10162447-10101|0008743|1|9999|32500|0|0|0|0|1
10162386-10101|0002545|1|9999|29200|0|0|0|0|1
10162421-10101|0032421|1|9999|15900|0|0|0|0|1
10162242-10101|0026001|1|9999|42400|0|0|0|0|1
10162320-10101|0032243|1|9999|25200|0|0|0|0|1
10162381-10101|0063502|1|9999|6500|0|0|0|0|1
10162403-10101|0002551|1|9999|4400|0|0|0|0|1
10162384-10101|0029476|1|9999|12900|0|0|0|0|1
10162405-10101|0003844|1|9999|25500|0|0|0|0|1
10162381-10101|0028442|1|9999|35900|0|0|0|0|1
10162386-10101|0025388|1|9999|92400|0|0|0|0|1
10162384-10101|0025286|1|9999|79900|0|0|0|0|1
10162380-10101|0003756|1|9999|4800|0|0|0|0|1
10162403-10101|0033609|1|9999|13400|0|0|0|0|1
10162320-10101|0032248|1|9999|25200|0|0|0|0|1
10162403-10101|0004747|1|9999|11500|0|0|0|0|1
10162384-10101|0016277|1|9999|79900|0|0|0|0|1
10162395-10101|0016932|1|9999|4100|0|0|0|0|1
10162403-10101|0030986|1|9999|4400|0|0|0|0|1
10162385-10101|0060651|1|9999|85600|0|0|0|0|1
10162382-10101|0028460|1|9999|35500|0|0|0|0|1
10162382-10101|0066443|1|9999|5300|0|0|0|0|1
10162405-10101|0031340|1|9999|36500|0|0|0|0|1
10162381-10101|0065057|1|9999|15000|0|0|0|0|1
10162381-10101|0011793|1|9999|8900|0|0|0|0|1
10162404-10101|0067660|1|9999|8900|0|0|0|0|1
10162382-10101|0017578|1|9999|5300|0|0|0|0|1
10162242-10101|0004553|1|9999|5300|0|0|0|0|1
10162421-10101|0051437|1|9999|19500|0|0|0|0|1
10162380-10101|0002786|1|9999|4800|0|0|0|0|1
10162421-10101|0036060|1|9999|23500|0|0|0|0|1
10162381-10101|0013644|1|9999|20700|0|0|0|0|1
10162403-10101|0002883|1|9999|11200|0|0|0|0|1
10162386-10101|0063610|1|9999|3300|0|0|0|0|1
10162382-10101|0018750|1|9999|6650|0|0|0|0|1
10162317-10101|0070364|1|9999|29900|0|0|0|0|1
10162380-10101|0033958|1|9999|19400|0|0|0|0|1
10162405-10101|0004347|1|9999|8900|0|0|0|0|1
10162382-10101|0010258|1|9999|5500|0|0|0|0|1
10162242-10101|0011112|1|9999|44900|0|0|0|0|1
10162384-10101|0009543|1|9999|26350|0|0|0|0|1
10162403-10101|0079907|1|9999|17900|0|0|0|0|1
10162405-10101|0074855|1|9999|80900|0|0|0|0|1
10162350-10101|0037765|1|9999|23400|0|0|0|0|1
10162405-10101|0040960|1|9999|22500|0|0|0|0|1
10162404-10101|0000975|1|9999|9500|0|0|0|0|1
10162386-10101|0001790|1|9999|9800|0|0|0|0|1
10162382-10101|0015026|1|9999|9900|0|0|0|0|1
10162320-10101|0032246|1|9999|25200|0|0|0|0|1
10162386-10101|0001349|1|9999|18900|0|0|0|0|1
10162381-10101|0076416|1|9999|4100|0|0|0|0|1
10162242-10101|0015054|1|9999|4200|0|0|0|0|1
10162384-10101|0001364|1|9999|21800|0|0|0|0|1
10162395-10101|0013235|1|9999|2550|0|0|0|0|1
10162395-10101|0025274|1|9999|3700|0|0|0|0|1
10162382-10101|0066444|1|9999|5300|0|0|0|0|1
10162447-10101|0008516|1|9999|55500|0|0|0|0|1
10162395-10101|0013234|1|9999|2550|0|0|0|0|1
10162361-10101|0034369|1|9999||20|0|0|0|1
10162447-10101|0008633|1|9999|49500|0|0|0|0|1
10162381-10101|0066662|1|9999|12800|0|0|0|0|1
10162386-10101|0035417|1|9999|3300|0|0|0|0|1
10162386-10101|0001560|1|9999|14900|0|0|0|0|1
10162386-10101|0078870|1|9999|26100|0|0|0|0|1
10161973-10101|0007576|1|9999||10|0|0|0|1
10162405-10101|0004856|1|9999|12500|0|0|0|0|1
10162405-10101|0033713|1|9999|16100|0|0|0|0|1
10162386-10101|0034062|1|9999|13700|0|0|0|0|1
10162386-10101|0032424|1|9999|21500|0|0|0|0|1
10162317-10101|0067853|1|9999|29500|0|0|0|0|1
10162421-10101|0000638|1|9999|11900|0|0|0|0|1
10162447-10101|0008256|1|9999|30900|0|0|0|0|1
10162386-10101|0004595|1|9999|29200|0|0|0|0|1
10162386-10101|0065076|1|9999|6000|0|0|0|0|1
10162426-10101|0008792|1|9999|24900|0|0|0|0|1
10162404-10101|0068831|1|9999|59900|0|0|0|0|1
10162242-10101|0025995|1|9999|42400|0|0|0|0|1
10162386-10101|0017632|1|9999|10200|0|0|0|0|1
10162242-10101|0015834|1|9999|44900|0|0|0|0|1
10162403-10101|0000964|1|9999|7400|0|0|0|0|1
10162385-10101|0033296|1|9999|3500|0|0|0|0|1
10162386-10101|0025623|1|9999|136900|0|0|0|0|1
10162395-10101|0008872|1|9999|11100|0|0|0|0|1
10162421-10101|0032747|1|9999|9500|0|0|0|0|1
10162381-10101|0012074|1|9999|5850|0|0|0|0|1
10162382-10101|0009679|1|9999|7700|0|0|0|0|1
10162314-10101|0032188|1|9999|7900|0|0|0|0|1
10162403-10101|0002577|1|9999|13400|0|0|0|0|1
10162421-10101|0047846|1|9999|15900|0|0|0|0|1
10162320-10101|0002699|1|9999|25200|0|0|0|0|1
10162320-10101|0002687|1|9999|25200|0|0|0|0|1
10162421-10101|0004306|1|9999|20900|0|0|0|0|1
10162382-10101|0008371|1|9999|5300|0|0|0|0|1
10162421-10101|0062292|1|9999|13900|0|0|0|0|1
10162395-10101|0033431|1|9999|10700|0|0|0|0|1
10162382-10101|0009675|1|9999|6100|0|0|0|0|1
10162381-10101|0011792|1|9999|20700|0|0|0|0|1
10162421-10101|0002557|1|9999|24900|0|0|0|0|1
10162386-10101|0078954|1|9999|6000|0|0|0|0|1
10162382-10101|0012950|1|9999|5300|0|0|0|0|1
10162421-10101|0031117|1|9999|13900|0|0|0|0|1
10162381-10101|0008602|1|9999|2700|0|0|0|0|1
10162403-10101|0033582|1|9999|22300|0|0|0|0|1
10162421-10101|0018528|1|9999|25900|0|0|0|0|1
10162381-10101|0016559|1|9999|5850|0|0|0|0|1
10162382-10101|0072544|1|9999|7200|0|0|0|0|1
10162386-10101|0074373|1|9999|3500|0|0|0|0|1
10162384-10101|0009544|1|9999|14400|0|0|0|0|1
10162385-10101|0032493|1|9999|3500|0|0|0|0|1
10162381-10101|0013068|1|9999|5850|0|0|0|0|1
10162405-10101|0063105|1|9999|4900|0|0|0|0|1
10162405-10101|0066510|1|9999|50900|0|0|0|0|1
10162403-10101|0003280|1|9999|7400|0|0|0|0|1
10162242-10101|0001239|1|9999|15600|0|0|0|0|1
10162403-10101|0002175|1|9999|11500|0|0|0|0|1
10162404-10101|0072061|1|9999|48900|0|0|0|0|1
10162405-10101|0001165|1|9999|16900|0|0|0|0|1
10162403-10101|0003551|1|9999|5300|0|0|0|0|1
10162386-10101|0079733|1|9999|6000|0|0|0|0|1
10162424-10101|0036059|1|9999|28900|0|0|0|0|1
10162404-10101|0068833|1|9999|59900|0|0|0|0|1
10162405-10101|0063102|1|9999|4900|0|0|0|0|1
10162405-10101|0032864|1|9999|25500|0|0|0|0|1
10162380-10101|0003540|1|9999|4800|0|0|0|0|1
10162386-10101|0002935|1|9999|32700|0|0|0|0|1
10161973-10101|0066401|1|9999||10|0|0|0|1
10162381-10101|0045316|1|9999|8000|0|0|0|0|1
10162192-10101|0033435|1|9999|15550|0|0|0|0|1
10162384-10101|0001324|1|9999|16500|0|0|0|0|1
10162421-10101|0032420|1|9999|15900|0|0|0|0|1
10162192-10101|0033440|1|9999|15550|0|0|0|0|1
10162447-10101|0010672|1|9999|37500|0|0|0|0|1
10162403-10101|0002548|1|9999|4400|0|0|0|0|1
10162421-10101|0060940|1|9999|17500|0|0|0|0|1
10162386-10101|0077493|1|9999|102900|0|0|0|0|1
10162421-10101|0000592|1|9999|13900|0|0|0|0|1
10162395-10101|0012190|1|9999|3700|0|0|0|0|1
10162242-10101|0054329|1|9999|2850|0|0|0|0|1
10162381-10101|0066739|1|9999|21000|0|0|0|0|1
10162386-10101|0076424|1|9999|16500|0|0|0|0|1
10162381-10101|0013841|1|9999|5850|0|0|0|0|1
10162382-10101|0012949|1|9999|5300|0|0|0|0|1
10162381-10101|0079793|1|9999|3900|0|0|0|0|1
10162380-10101|0077448|1|9999|6500|0|0|0|0|1
10162381-10101|0038494|1|9999|6500|0|0|0|0|1
10162242-10101|0047127|1|9999|27500|0|0|0|0|1
10162386-10101|0078869|1|9999|27500|0|0|0|0|1
10162382-10101|0077637|1|9999|2900|0|0|0|0|1
10162421-10101|0061473|1|9999|21200|0|0|0|0|1
10162421-10101|0032754|1|9999|18500|0|0|0|0|1
10162421-10101|0032752|1|9999|12500|0|0|0|0|1
10162421-10101|0051365|1|9999|22900|0|0|0|0|1
10162405-10101|0003615|1|9999|16900|0|0|0|0|1
10162386-10101|0065142|1|9999|26900|0|0|0|0|1
10162405-10101|0001166|1|9999|6900|0|0|0|0|1
10162421-10101|0060841|1|9999|12200|0|0|0|0|1
10162381-10101|0012982|1|9999|8900|0|0|0|0|1
10162242-10101|0066306|1|9999|2700|0|0|0|0|1
10162403-10101|0004240|1|9999|3200|0|0|0|0|1
10162381-10101|0013688|1|9999|5900|0|0|0|0|1
10162314-10101|0032241|1|9999|10400|0|0|0|0|1
10162317-10101|0079050|1|9999|29900|0|0|0|0|1
10162242-10101|0025723|1|9999|2900|0|0|0|0|1
10162421-10101|0001073|1|9999|12900|0|0|0|0|1
10162242-10101|0013705|1|9999|74200|0|0|0|0|1
10162421-10101|0062907|1|9999|20900|0|0|0|0|1
10162403-10101|0001281|1|9999|11500|0|0|0|0|1
10162395-10101|0013236|1|9999|2550|0|0|0|0|1
10162384-10101|0025314|1|9999|76500|0|0|0|0|1
10162381-10101|0013067|1|9999|5850|0|0|0|0|1
10162385-10101|0032314|1|9999|3500|0|0|0|0|1
10162381-10101|0038495|1|9999|6500|0|0|0|0|1
10162404-10101|0000977|1|9999|6900|0|0|0|0|1
10162384-10101|0025994|1|9999|79900|0|0|0|0|1
10162320-10101|0032247|1|9999|25200|0|0|0|0|1
10162403-10101|0000959|1|9999|11200|0|0|0|0|1
10162421-10101|0031466|1|9999|17500|0|0|0|0|1
10162381-10101|0015433|1|9999|8000|0|0|0|0|1
10162405-10101|0066511|1|9999|50900|0|0|0|0|1
10162421-10101|0003116|1|9999|20900|0|0|0|0|1
10162404-10101|0068836|1|9999|59900|0|0|0|0|1
10162382-10101|0010259|1|9999|6300|0|0|0|0|1
10162384-10101|0033466|1|9999|4650|0|0|0|0|1
10162395-10101|0033430|1|9999|10700|0|0|0|0|1
10162382-10101|0066445|1|9999|5300|0|0|0|0|1
10162404-10101|0072666|1|9999|25900|0|0|0|0|1
10162395-10101|0008853|1|9999|11100|0|0|0|0|1
10162395-10101|0011558|1|9999|4100|0|0|0|0|1
10161973-10101|0035638|1|9999||10|0|0|0|1
10162395-10101|0082492|1|9999|12100|0|0|0|0|1
10162381-10101|0013250|1|9999|8000|0|0|0|0|1
10162421-10101|0032390|1|9999|19500|0|0|0|0|1
10162382-10101|0009948|1|9999|1950|0|0|0|0|1
10162242-10101|0033446|1|9999|10400|0|0|0|0|1
10162386-10101|0001835|1|9999|14900|0|0|0|0|1
10162391-10101|0017313|1|9999|12900|0|0|0|0|1
10162395-10101|0016935|1|9999|3700|0|0|0|0|1
10162386-10101|0015276|1|9999|5100|0|0|0|0|1
10162403-10101|0000970|1|9999|11500|0|0|0|0|1
10162381-10101|0010994|1|9999|5800|0|0|0|0|1
10162381-10101|0011632|1|9999|13500|0|0|0|0|1
10162403-10101|0003692|1|9999|11200|0|0|0|0|1
10162421-10101|0062938|1|9999|38900|0|0|0|0|1
10162381-10101|0013253|1|9999|8000|0|0|0|0|1
10162403-10101|0003603|1|9999|9200|0|0|0|0|1
10162405-10101|0002792|1|9999|32900|0|0|0|0|1
10162242-10101|0011964|1|9999|42750|0|0|0|0|1
10162405-10101|0074854|1|9999|80900|0|0|0|0|1
10162381-10101|0083482|1|9999|3950|0|0|0|0|1
10162381-10101|0013328|1|9999|6950|0|0|0|0|1
10162242-10101|0015053|1|9999|4200|0|0|0|0|1
10162384-10101|0025315|1|9999|76500|0|0|0|0|1
10162242-10101|0015819|1|9999|44900|0|0|0|0|1
10162381-10101|0013036|1|9999|3150|0|0|0|0|1
10162403-10101|0003021|1|9999|7900|0|0|0|0|1
10162421-10101|0032554|1|9999|13800|0|0|0|0|1
10162385-10101|0060652|1|9999|88200|0|0|0|0|1
10162381-10101|0011756|1|9999|6800|0|0|0|0|1
10162447-10101|0012324|1|9999|70900|0|0|0|0|1
10162381-10101|0013069|1|9999|5850|0|0|0|0|1
10162381-10101|0059848|1|9999|26400|0|0|0|0|1
10162382-10101|0035705|1|9999|5300|0|0|0|0|1
10162382-10101|0009678|1|9999|7700|0|0|0|0|1
10162381-10101|0029722|1|9999|5600|0|0|0|0|1
10162403-10101|0003553|1|9999|5300|0|0|0|0|1
10162386-10101|0078871|1|9999|26100|0|0|0|0|1
10162382-10101|0028724|1|9999|1750|0|0|0|0|1
10162421-10101|0062291|1|9999|13900|0|0|0|0|1
10162382-10101|0078918|1|9999|6600|0|0|0|0|1
10162405-10101|0074857|1|9999|80900|0|0|0|0|1
10162405-10101|0002822|1|9999|12100|0|0|0|0|1
10162405-10101|0002828|1|9999|52300|0|0|0|0|1
10162385-10101|0072652|1|9999|107900|0|0|0|0|1
10162386-10101|0001787|1|9999|9800|0|0|0|0|1
10162405-10101|0002876|1|9999|8900|0|0|0|0|1
10162386-10101|0002975|1|9999|21500|0|0|0|0|1
10162403-10101|0004208|1|9999|17500|0|0|0|0|1
10162405-10101|0074856|1|9999|80900|0|0|0|0|1
10162405-10101|0003616|1|9999|6900|0|0|0|0|1
10162405-10101|0040961|1|9999|22500|0|0|0|0|1
10162386-10101|0030571|1|9999|6600|0|0|0|0|1
10162421-10101|0060435|1|9999|21900|0|0|0|0|1
10162381-10101|0083481|1|9999|3850|0|0|0|0|1
10162386-10101|0033961|1|9999|14850|0|0|0|0|1
10162242-10101|0003964|1|9999|15800|0|0|0|0|1
10162381-10101|0035567|1|9999|20700|0|0|0|0|1
10162382-10101|0013260|1|9999|5300|0|0|0|0|1
10162382-10101|0060331|1|9999|4950|0|0|0|0|1
10161973-10101|0006806|1|9999||10|0|0|0|1
10162386-10101|0025830|1|9999|92400|0|0|0|0|1
10162385-10101|0072651|1|9999|109900|0|0|0|0|1
10162386-10101|0050086|1|9999|118900|0|0|0|0|1
10162384-10101|0057110|1|9999|1950|0|0|0|0|1
10162242-10101|0014567|1|9999|82300|0|0|0|0|1
10162242-10101|0014645|1|9999|79600|0|0|0|0|1
10162382-10101|0008372|1|9999|5300|0|0|0|0|1
10162404-10101|0000976|1|9999|9500|0|0|0|0|1
10162382-10101|0078423|1|9999|4000|0|0|0|0|1
10162320-10101|0032285|1|9999|25200|0|0|0|0|1
10162414-10101|0083855|1|9999|5000|0|0|0|0|1
10162382-10101|0083143|1|9999|5500|0|0|0|0|1
10162357-10101|0072343|1|9999|11800|0|0|0|0|1
10162421-10101|0023463|1|9999|30900|0|0|0|0|1
10162384-10101|0013540|1|9999|13100|0|0|0|0|1
10162404-10101|0067658|1|9999|8900|0|0|0|0|1
10162421-10101|0003459|1|9999|19500|0|0|0|0|1
10162403-10101|0031083|1|9999|9200|0|0|0|0|1
10162382-10101|0018749|1|9999|6650|0|0|0|0|1
10162414-10101|0083857|1|9999|5000|0|0|0|0|1
10162386-10101|0078868|1|9999|27500|0|0|0|0|1
10162384-10101|0025313|1|9999|76500|0|0|0|0|1
10162403-10101|0004237|1|9999|7500|0|0|0|0|1
10162421-10101|0033932|1|9999|27500|0|0|0|0|1
10162403-10101|0004746|1|9999|11500|0|0|0|0|1
10162404-10101|0068832|1|9999|59900|0|0|0|0|1
10162381-10101|0083031|1|9999|24600|0|0|0|0|1
10162382-10101|0071495|1|9999|6600|0|0|0|0|1
10161973-10101|0035640|1|9999||10|0|0|0|1
10162405-10101|0029131|1|9999|20500|0|0|0|0|1
10162386-10101|0025622|1|9999|136900|0|0|0|0|1
10162421-10101|0052054|1|9999|54900|0|0|0|0|1
10162403-10101|0004758|1|9999|17500|0|0|0|0|1
10162403-10101|0003022|1|9999|22500|0|0|0|0|1
10162403-10101|0004239|1|9999|3200|0|0|0|0|1
10162242-10101|0008162|1|9999|38200|0|0|0|0|1
10162357-10101|0029729|1|9999|6300|0|0|0|0|1
10162403-10101|0070598|1|9999|17500|0|0|0|0|1
10162381-10101|0064114|1|9999|8700|0|0|0|0|1
10162386-10101|0030555|1|9999|5100|0|0|0|0|1
10162443-10101|0033274|1|9999|23900|0|0|0|0|1
10162381-10101|0066661|1|9999|12800|0|0|0|0|1
10161973-10101|0067604|1|9999||10|0|0|0|1
10162405-10101|0001164|1|9999|12500|0|0|0|0|1
10162320-10101|0032289|1|9999|25200|0|0|0|0|1
10162384-10101|0001350|1|9999|15400|0|0|0|0|1
10162404-10101|0067659|1|9999|8900|0|0|0|0|1
10162421-10101|0023067|1|9999|25900|0|0|0|0|1
10162404-10101|0067661|1|9999|8900|0|0|0|0|1
10162447-10101|0008484|1|9999|86900|0|0|0|0|1
10162447-10101|0014197|1|9999|46900|0|0|0|0|1
10162404-10101|0072665|1|9999|25900|0|0|0|0|1
10162384-10101|0001392|1|9999|19700|0|0|0|0|1
10162384-10101|0001326|1|9999|19400|0|0|0|0|1
10162404-10101|0003017|1|9999|20700|0|0|0|0|1
10162421-10101|0023344|1|9999|17500|0|0|0|0|1
10162405-10101|0063104|1|9999|4900|0|0|0|0|1
10162396-10101|0014708|1|9999|9800|0|0|0|0|1
10162421-10101|0034264|1|9999|25900|0|0|0|0|1
10162421-10101|0065197|1|9999|22900|0|0|0|0|1
10162386-10101|0047214|1|9999|5200|0|0|0|0|1
10162382-10101|0035572|1|9999|5950|0|0|0|0|1
10162421-10101|0023247|1|9999|18500|0|0|0|0|1
10162403-10101|0002001|1|9999|11200|0|0|0|0|1
10162421-10101|0032391|1|9999|19500|0|0|0|0|1
10162386-10101|0065077|1|9999|6000|0|0|0|0|1
10162386-10101|0035411|1|9999|3300|0|0|0|0|1
10162386-10101|0030539|1|9999|6600|0|0|0|0|1
10162386-10101|0033350|1|9999|13700|0|0|0|0|1
10162405-10101|0003613|1|9999|12100|0|0|0|0|1
10162192-10101|0033441|1|9999|16700|0|0|0|0|1
10162404-10101|0082500|1|9999|49900|0|0|0|0|1
10161973-10101|0060277|1|9999||10|0|0|0|1
10162421-10101|0050349|1|9999|42500|0|0|0|0|1
10162382-10101|0078025|1|9999|3150|0|0|0|0|1
10162395-10101|0014114|1|9999|16100|0|0|0|0|1
10162395-10101|0012193|1|9999|16100|0|0|0|0|1
10162404-10101|0004812|1|9999|21500|0|0|0|0|1
10162403-10101|0004209|1|9999|17500|0|0|0|0|1
10162404-10101|0072062|1|9999|49900|0|0|0|0|1
10162403-10101|0000968|1|9999|11500|0|0|0|0|1
10162395-10101|0016933|1|9999|4100|0|0|0|0|1
10162391-10101|0075098|1|9999|8900|0|0|0|0|1
10162403-10101|0000960|1|9999|13400|0|0|0|0|1
10162317-10101|0067856|1|9999|31500|0|0|0|0|1
10162403-10101|0003552|1|9999|5300|0|0|0|0|1
10162381-10101|0008936|1|9999|3600|0|0|0|0|1
10162421-10101|0039788|1|9999|38900|0|0|0|0|1
10162421-10101|0051685|1|9999|8900|0|0|0|0|1
10162421-10101|0035629|1|9999|21900|0|0|0|0|1
10162382-10101|0048909|1|9999|4000|0|0|0|0|1
10162404-10101|0072664|1|9999|25900|0|0|0|0|1
10162404-10101|0001181|1|9999|12900|0|0|0|0|1
10162446-10101|0077179|1|9999|36900|0|0|0|0|1
10162386-10101|0044436|1|9999|10350|0|0|0|0|1
10162404-10101|0001622|1|9999|6900|0|0|0|0|1
10162380-10101|0003757|1|9999|4800|0|0|0|0|1
10162386-10101|0079732|1|9999|6000|0|0|0|0|1
10162405-10101|0066509|1|9999|53900|0|0|0|0|1
10162382-10101|0078026|1|9999|3150|0|0|0|0|1
10162381-10101|0035566|1|9999|8900|0|0|0|0|1
10162405-10101|0030994|1|9999|8900|0|0|0|0|1
10162382-10101|0035571|1|9999|5950|0|0|0|0|1
10162403-10101|0002552|1|9999|4400|0|0|0|0|1
10162381-10101|0014208|1|9999|13450|0|0|0|0|1
10162381-10101|0036250|1|9999|9600|0|0|0|0|1
10162421-10101|0051444|1|9999|17500|0|0|0|0|1
10162421-10101|0061843|1|9999|17500|0|0|0|0|1
10162421-10101|0036057|1|9999|26900|0|0|0|0|1
10162242-10101|0025307|1|9999|42400|0|0|0|0|1
10162381-10101|0066663|1|9999|10500|0|0|0|0|1
10162421-10101|0031233|1|9999|13900|0|0|0|0|1
10162421-10101|0051442|1|9999|17500|0|0|0|0|1
10162381-10101|0079792|1|9999|3900|0|0|0|0|1
10162383-10101|0028903|1|9999|2900|0|0|0|0|1
10162395-10101|0025280|1|9999|3700|0|0|0|0|1
10162381-10101|0015157|1|9999|4200|0|0|0|0|1
10162242-10101|0066307|1|9999|2700|0|0|0|0|1
10162404-10101|0001159|1|9999|25900|0|0|0|0|1
10162403-10101|0004797|1|9999|11500|0|0|0|0|1
10162269-10101|0068474|1|9999|8099000|0|0|0|0|1
10162414-10101|0034021|1|9999|5100|0|0|0|0|1
10162414-10101|0066760|1|9999|5100|0|0|0|0|1
10162414-10101|0030447|1|9999|5100|0|0|0|0|1
10162414-10101|0075042|1|9999|5500|0|0|0|0|1
10162414-10101|0075041|1|9999|5500|0|0|0|0|1
10162414-10101|0051112|1|9999|4800|0|0|0|0|1
10162414-10101|0063437|1|9999|13100|0|0|0|0|1
10162386-10101|0073221|1|9999|3500|0|0|0|0|1
10162405-10101|0076558|1|9999|16100|0|0|0|0|1
10162421-10101|0002276|1|9999|34900|0|0|0|0|1
10162382-10101|0084324|1|9999|6200|0|0|0|0|1
10162386-10101|0035418|1|9999|3300|0|0|0|0|1
10162359-10101|0083651|1|9999||70|0|0|0|1
10162414-10101|0084322|1|9999|3900|0|0|0|0|1
10162414-10101|0084323|1|9999|3900|0|0|0|0|1
10162381-10101|0062056|1|9999|8000|0|0|0|0|1
10162386-10101|0070766|1|9999|15200|0|0|0|0|1
10162386-10101|0080767|1|9999|17100|0|0|0|0|1
10162405-10101|0063106|1|9999|4900|0|0|0|0|1
10162382-10101|0079817|1|9999|14800|0|0|0|0|1
10162404-10101|0069763|1|9999|89500|0|0|0|0|1
10162386-10101|0072072|1|9999|23000|0|0|0|0|1
10162384-10101|0061569|1|9999|4650|0|0|0|0|1
10162384-10101|0067024|1|9999|4650|0|0|0|0|1
10162384-10101|0077090|1|9999|16100|0|0|0|0|1
10162384-10101|0061707|1|9999|4650|0|0|0|0|1
10162402-10101|0001969|1|9999|22000|0|0|0|0|1
10162320-10101|0050179|1|9999|46500|0|0|0|0|1
10162320-10101|0050176|1|9999|46500|0|0|0|0|1
10162380-10101|0077444|1|9999|12100|0|0|0|0|1
10162382-10101|0009904|1|9999|14850|0|0|0|0|1
10162447-10101|0014548|1|9999|62500|0|0|0|0|1
10162447-10101|0015490|1|9999|55900|0|0|0|0|1
10162447-10101|0038073|1|9999|27900|0|0|0|0|1
10162447-10101|0009303|1|9999|55900|0|0|0|0|1
10162447-10101|0008452|1|9999|96500|0|0|0|0|1
10162361-10101|0007013|1|9999||20|0|0|0|1
10162361-10101|0063355|1|9999||20|0|0|0|1
10162361-10101|0063351|1|9999||20|0|0|0|1
10162361-10101|0005589|1|9999||20|0|0|0|1
10162361-10101|0034454|1|9999||20|0|0|0|1
10162361-10101|0005135|1|9999||20|0|0|0|1
10162361-10101|0034437|1|9999||20|0|0|0|1
10162361-10101|0006031|1|9999||20|0|0|0|1
10162361-10101|0034368|1|9999||20|0|0|0|1
10162361-10101|0034370|1|9999||20|0|0|0|1
10162361-10101|0054624|1|9999||20|0|0|0|1
10162361-10101|0054625|1|9999||20|0|0|0|1
10162361-10101|0035821|1|9999||20|0|0|0|1
10162361-10101|0047608|1|9999||20|0|0|0|1
10162361-10101|0034375|1|9999||20|0|0|0|1
10162361-10101|0007287|1|9999||20|0|0|0|1
10162361-10101|0034498|1|9999||20|0|0|0|1
10162361-10101|0073789|1|9999||20|0|0|0|1
10162403-10101|0084548|1|9999|8900|0|0|0|0|1
10162403-10101|0084547|1|9999|8900|0|0|0|0|1
10162403-10101|0084550|1|9999|8900|0|0|0|0|1
10162403-10101|0084549|1|9999|8900|0|0|0|0|1
10162403-10101|0084618|1|9999|19900|0|0|0|0|1
10162403-10101|0084626|1|9999|17500|0|0|0|0|1
10162403-10101|0084624|1|9999|2900|0|0|0|0|1
10162403-10101|0029088|1|9999|17500|0|0|0|0|1
10162386-10101|0084578|1|9999|16900|0|0|0|0|1
10162386-10101|0084579|1|9999|16900|0|0|0|0|1
10162386-10101|0084580|1|9999|16900|0|0|0|0|1
10162350-10101|0070545|1|9999|3800|0|0|0|0|1
10162386-10101|0079773|1|9999|118900|0|0|0|0|1
10162350-10101|0072379|1|9999|3800|0|0|0|0|1
10162350-10101|0072380|1|9999|3800|0|0|0|0|1
10162386-10101|0082731|1|9999|102900|0|0|0|0|1
10162350-10101|0072381|1|9999|3800|0|0|0|0|1
10162350-10101|0035940|1|9999|7300|0|0|0|0|1
10162350-10101|0038254|1|9999|7300|0|0|0|0|1
10162350-10101|0038255|1|9999|7300|0|0|0|0|1
10162350-10101|0054786|1|9999|7300|0|0|0|0|1
10162350-10101|0054787|1|9999|7300|0|0|0|0|1
10162357-10101|0029638|1|9999|14800|0|0|0|0|1
10162357-10101|0029717|1|9999|14800|0|0|0|0|1
10162357-10101|0029726|1|9999|6300|0|0|0|0|1
10162357-10101|0029727|1|9999|6300|0|0|0|0|1
10162357-10101|0030024|1|9999|14800|0|0|0|0|1
10162357-10101|0030357|1|9999|6300|0|0|0|0|1
10162447-10101|0014700|1|9999|84900|0|0|0|0|1
10162421-10101|0004463|1|9999|19500|0|0|0|0|1
10162357-10101|0016309|1|9999|14800|0|0|0|0|1
10162357-10101|0016663|1|9999|14800|0|0|0|0|1
10162447-10101|0035448|1|9999|84900|0|0|0|0|1
10162315-10101|0012959|1|9999|28900|0|0|0|0|1
10162426-10101|0071483|1|9999|23900|0|0|0|0|1
10162404-10101|0080072|1|9999|145500|0|0|0|0|1
10162404-10101|0080073|1|9999|145500|0|0|0|0|1
10162385-10101|0077785|1|9999|88500|0|0|0|0|1
10162385-10101|0077786|1|9999|94500|0|0|0|0|1
10162385-10101|0080070|1|9999|94500|0|0|0|0|1
10162242-10101|0048979|1|9999|20800|0|0|0|0|1
10162242-10101|0048977|1|9999|20800|0|0|0|0|1
10162242-10101|0067466|1|9999|2900|0|0|0|0|1
10162242-10101|0048974|1|9999|2800|0|0|0|0|1
10162253-10101|0054559|1|9999|375900|0|0|0|0|1
10162253-10101|0034425|1|9999|345900|0|0|0|0|1
10162253-10101|0074646|1|9999|646900|0|0|0|0|1
10162384-10101|0074226|1|9999|4650|0|0|0|0|1
10162404-10101|0084649|1|9999|48500|0|0|0|0|1
10162404-10101|0084650|1|9999|59900|0|0|0|0|1
10162404-10101|0084651|1|9999|59900|0|0|0|0|1
10162404-10101|0084652|1|9999|64900|0|0|0|0|1
10162421-10101|0003463|1|9999|19500|0|0|0|0|1
10162192-10101|0084630|1|9999|16100|0|0|0|0|1
10162421-10101|0031467|1|9999|17500|0|0|0|0|1
10162403-10101|0077781|1|9999|17900|0|0|0|0|1
10162403-10101|0077779|1|9999|17900|0|0|0|0|1
10162421-10101|0032310|1|9999|21500|0|0|0|0|1
10162242-10101|0049546|1|9999|20800|0|0|0|0|1
10162426-10101|0078846|1|9999|23900|0|0|0|0|1
10162462-10101|0070451|1|9999|3499000|0|0|0|0|1
10162385-10101|0004417|1|9999|11900|0|0|0|0|1
10162361-10101|0081883|1|9999||20|0|0|0|1
10162361-10101|0006285|1|9999||20|0|0|0|1
10162385-10101|0072650|1|9999|109900|0|0|0|0|1
10162396-10101|0010868|1|9999|6200|0|0|0|0|1
10162250-10101|0000360|1|9999|52300|0|0|0|0|1
10162242-10101|0082767|1|9999|21600|0|0|0|0|1
10162404-10101|0067657|1|9999|8900|0|0|0|0|1
10162404-10101|0077150|1|9999|8900|0|0|0|0|1
10162404-10101|0077149|1|9999|8900|0|0|0|0|1
10162421-10101|0031963|1|9999|29900|0|0|0|0|1
10162421-10101|0031964|1|9999|29900|0|0|0|0|1
10162404-10101|0036091|1|9999|65500|0|0|0|0|1
10162421-10101|0033921|1|9999|27500|0|0|0|0|1
10162421-10101|0001959|1|9999|33900|0|0|0|0|1
10162421-10101|0046354|1|9999|18500|0|0|0|0|1
10162385-10101|0083413|1|9999|115500|0|0|0|0|1
10162320-10101|0034664|1|9999|25200|0|0|0|0|1
10162421-10101|0068819|1|9999|35900|0|0|0|0|1
10162361-10101|0034460|1|9999||20|0|0|0|1
10162250-10101|0063830|1|9999|28300|0|0|0|0|1
10162361-10101|0034451|1|9999||20|0|0|0|1
10162361-10101|0034496|1|9999||20|0|0|0|1
10162361-10101|0034492|1|9999||20|0|0|0|1
10162361-10101|0039873|1|9999||20|0|0|0|1
10162361-10101|0066134|1|9999||20|0|0|0|1
10162361-10101|0065285|1|9999||20|0|0|0|1
10162192-10101|0084631|1|9999|16100|0|0|0|0|1
10162421-10101|0067547|1|9999|17500|0|0|0|0|1
10161973-10101|0063979|1|9999||10|0|0|0|1
10162386-10101|0032701|1|9999|3200|0|0|0|0|1
10162381-10101|0066741|1|9999|20100|0|0|0|0|1
10162253-10101|0046434|1|9999|351900|0|0|0|0|1
10162242-10101|0008147|1|9999|41800|0|0|0|0|1
10162384-10101|0085155|1|9999|1650|0|0|0|0|1
10162361-10101|0034453|1|9999||20|0|0|0|1
10162361-10101|0034367|1|9999||20|0|0|0|1
10162380-10101|0085247|1|9999|3000|0|0|0|0|1
10162384-10101|0083037|1|9999|18400|0|0|0|0|1
10162403-10101|0001296|1|9999|17900|0|0|0|0|1
10162314-10101|0003882|1|9999|7900|0|0|0|0|1
10162361-10101|0053209|1|9999||20|0|0|0|1
10162361-10101|0007285|1|9999||20|0|0|0|1
10162391-10101|0015613|1|9999|20500|0|0|0|0|1
10162361-10101|0051269|1|9999||20|0|0|0|1
10162393-10101|0025506|1|9999|14900|0|0|0|0|1
10162393-10101|0025504|1|9999|14900|0|0|0|0|1
10162393-10101|0025505|1|9999|14900|0|0|0|0|1
10162242-10101|0048959|1|9999|4600|0|0|0|0|1
10162242-10101|0048963|1|9999|4600|0|0|0|0|1
10162405-10101|0036185|1|9999|6900|0|0|0|0|1
10162405-10101|0036187|1|9999|13100|0|0|0|0|1
10162405-10101|0036188|1|9999|16100|0|0|0|0|1
10162382-10101|0085443|1|9999|8800|0|0|0|0|1
10162404-10101|0067917|1|9999|85500|0|0|0|0|1
10162404-10101|0067918|1|9999|128500|0|0|0|0|1
10162405-10101|0059346|1|9999|36500|0|0|0|0|1
10162386-10101|0085336|1|9999|23000|0|0|0|0|1
10162421-10101|0029135|1|9999|22900|0|0|0|0|1
10162414-10101|0085523|1|9999|3900|0|0|0|0|1
10162384-10101|0064007|1|9999|13900|0|0|0|0|1
10162403-10101|0033604|1|9999|17500|0|0|0|0|1
10161973-10101|0078389|1|9999||10|0|0|0|1
10162361-10101|0063354|1|9999||20|0|0|0|1
10162395-10101|0085511|1|9999|4100|0|0|0|0|1
10162267-10101|0079066|1|9999|3549000|0|0|0|0|1
10162404-10101|0057592|1|9999|50900|0|0|0|0|1
10162404-10101|0058839|1|9999|60500|0|0|0|0|1
10162405-10101|0052661|1|9999|12500|0|0|0|0|1
10162405-10101|0052662|1|9999|25500|0|0|0|0|1
10162382-10101|0085569|1|9999|6600|0|0|0|0|1
10162362-10101|0067719|1|9999||20|0|0|0|1
10162342-10101|0079471|1|9999|34700|0|0|0|0|1
10162342-10101|0059052|1|9999|34300|0|0|0|0|1
10162361-10101|0046803|1|9999||20|0|0|0|1
10162361-10101|0035814|1|9999||20|0|0|0|1
10162361-10101|0034376|1|9999||20|0|0|0|1
10162400-10101|0064001|1|9999|11000|0|0|0|0|1
10162400-10101|0004914|1|9999|16200|0|0|0|0|1
10162361-10101|0034458|1|9999||20|0|0|0|1
10162404-10101|0067915|1|9999|80500|0|0|0|0|1
10162250-10101|0035675|1|9999|65200|0|0|0|0|1
10162342-10101|0059053|1|9999|34700|0|0|0|0|1
10162276-10101|0067993|1|9999|849000|0|0|0|0|1
10162385-10101|0022171|1|9999|42900|0|0|0|0|1
10162446-10101|0053302|1|9999|96900|0|0|0|0|1
10162446-10101|0053303|1|9999|96900|0|0|0|0|1
10162421-10101|0047303|1|9999|38900|0|0|0|0|1
10162404-10101|0061039|1|9999|57900|0|0|0|0|1
10162404-10101|0061040|1|9999|57900|0|0|0|0|1
10162342-10101|0059055|1|9999|33200|0|0|0|0|1
10162385-10101|0035555|1|9999|11900|0|0|0|0|1
10162350-10101|0067412|1|9999|7300|0|0|0|0|1
10162361-10101|0081765|1|9999||20|0|0|0|1
10162359-10101|0078327|1|9999||70|0|0|0|1
10162361-10101|0034452|1|9999||20|0|0|0|1
10162361-10101|0063352|1|9999||20|0|0|0|1
10162361-10101|0063362|1|9999||20|0|0|0|1
10162361-10101|0038887|1|9999||20|0|0|0|1
10162242-10101|0040634|1|9999|2900|0|0|0|0|1
10162361-10101|0005165|1|9999||20|0|0|0|1
10162421-10101|0069736|1|9999|38900|0|0|0|0|1
10162361-10101|0047616|1|9999||20|0|0|0|1
10162382-10101|0085344|1|9999|4500|0|0|0|0|1
10162400-10101|0064000|1|9999|11000|0|0|0|0|1
10162361-10101|0063361|1|9999||20|0|0|0|1
10162361-10101|0056594|1|9999||20|0|0|0|1
10162404-10101|0078384|1|9999|9500|0|0|0|0|1
10162382-10101|0085201|1|9999|4950|0|0|0|0|1
10162357-10101|0016146|1|9999|14800|0|0|0|0|1
10162382-10101|0086101|1|9999|8000|0|0|0|0|1
10162362-10101|0060559|1|9999||20|0|0|0|1
10162362-10101|0053031|1|9999||20|0|0|0|1
10162362-10101|0065827|1|9999||20|0|0|0|1
10162362-10101|0060560|1|9999||20|0|0|0|1
10162362-10101|0057857|1|9999||20|0|0|0|1
10162361-10101|0037885|1|9999||20|0|0|0|1
10162361-10101|0007489|1|9999||20|0|0|0|1
10162403-10101|0079906|1|9999|31900|0|0|0|0|1
10162361-10101|0063358|1|9999||20|0|0|0|1
10162421-10101|0070114|1|9999|12200|0|0|0|0|1
10162447-10101|0013973|1|9999|42500|0|0|0|0|1
10162447-10101|0013966|1|9999|25000|0|0|0|0|1
10162404-10101|0034122|1|9999|25900|0|0|0|0|1
10162405-10101|0030972|1|9999|5500|0|0|0|0|1
10162405-10101|0030973|1|9999|13500|0|0|0|0|1
10162447-10101|0081524|1|9999|39500|0|0|0|0|1
10162404-10101|0057600|1|9999|63900|0|0|0|0|1
10162414-10101|0086459|1|9999|5000|0|0|0|0|1
10162382-10101|0086432|1|9999|8800|0|0|0|0|1
10162356-10101|0082033|1|9999|44500|0|0|0|0|1
10162461-10101|0030984|1|9999|13500|0|0|0|0|1
10162461-10101|0030983|1|9999|13500|0|0|0|0|1
10162357-10101|0063672|1|9999|14800|0|0|0|0|1
10162357-10101|0016801|1|9999|14800|0|0|0|0|1
10162362-10101|0040352|1|9999||20|0|0|0|1
10162381-10101|0086478|1|9999|3600|0|0|0|0|1
10162361-10101|0063359|1|9999||20|0|0|0|1
10162405-10101|0004923|1|9999|13900|0|0|0|0|1
10162361-10101|0053408|1|9999||20|0|0|0|1
10162361-10101|0038082|1|9999||20|0|0|0|1
10162384-10101|0017083|1|9999|7550|0|0|0|0|1
10162361-10101|0046224|1|9999||20|0|0|0|1
10162361-10101|0005676|1|9999||20|0|0|0|1
10162361-10101|0055108|1|9999||20|0|0|0|1
10162361-10101|0039759|1|9999||20|0|0|0|1
10162361-10101|0034880|1|9999||20|0|0|0|1
10162361-10101|0074011|1|9999||20|0|0|0|1
10162361-10101|0005732|1|9999||20|0|0|0|1
10162361-10101|0083667|1|9999||20|0|0|0|1
10162361-10101|0006283|1|9999||20|0|0|0|1
10162361-10101|0053576|1|9999||20|0|0|0|1
10162361-10101|0053575|1|9999||20|0|0|0|1
10162361-10101|0077777|1|9999||20|0|0|0|1
10162361-10101|0047596|1|9999||20|0|0|0|1
10162361-10101|0041408|1|9999||20|0|0|0|1
10162361-10101|0055098|1|9999||20|0|0|0|1
10162361-10101|0055102|1|9999||20|0|0|0|1
10162361-10101|0047618|1|9999||20|0|0|0|1
10162361-10101|0007288|1|9999||20|0|0|0|1
10162361-10101|0067360|1|9999||20|0|0|0|1
10162361-10101|0047620|1|9999||20|0|0|0|1
10162361-10101|0035817|1|9999||20|0|0|0|1
10162361-10101|0034417|1|9999||20|0|0|0|1
10162361-10101|0034489|1|9999||20|0|0|0|1
10162361-10101|0034487|1|9999||20|0|0|0|1
10162361-10101|0034491|1|9999||20|0|0|0|1
10162361-10101|0007431|1|9999||20|0|0|0|1
10162361-10101|0045371|1|9999||20|0|0|0|1
10162421-10101|0065582|1|9999|7500|0|0|0|0|1
10162421-10101|0065583|1|9999|7500|0|0|0|0|1
10162361-10101|0038868|1|9999||20|0|0|0|1
10162320-10101|0032906|1|9999|31900|0|0|0|0|1
10162321-10101|0022636|1|9999|49900|0|0|0|0|1
10162192-10101|0086613|1|9999|16150|0|0|0|0|1
10162385-10101|0018626|1|9999|13600|0|0|0|0|1
10162385-10101|0018533|1|9999|13600|0|0|0|0|1
10162385-10101|0018627|1|9999|13600|0|0|0|0|1
10162404-10101|0036095|1|9999|49500|0|0|0|0|1
10162404-10101|0057268|1|9999|52900|0|0|0|0|1
10162404-10101|0057269|1|9999|52900|0|0|0|0|1
10162404-10101|0036097|1|9999|52900|0|0|0|0|1
10162385-10101|0057267|1|9999|115500|0|0|0|0|1
10162253-10101|0034398|1|9999|326900|0|0|0|0|1
10162246-10101|0056308|1|9999|894900|0|0|0|0|1
10162246-10101|0044542|1|9999|362900|0|0|0|0|1
10162246-10101|0052845|1|9999|362900|0|0|0|0|1
10162246-10101|0071699|1|9999|673900|0|0|0|0|1
10162246-10101|0045723|1|9999|673900|0|0|0|0|1
10162274-10101|0053646|1|9999|599900|0|0|0|0|1
10162274-10101|0053647|1|9999|499900|0|0|0|0|1
10162274-10101|0053651|1|9999|744900|0|0|0|0|1
10162276-10101|0074205|1|9999|2799000|0|0|0|0|1
10162404-10101|0078385|1|9999|9500|0|0|0|0|1
10162385-10101|0036105|1|9999|140900|0|0|0|0|1
10162385-10101|0084653|1|9999|150900|0|0|0|0|1
10162385-10101|0084654|1|9999|150900|0|0|0|0|1
10162385-10101|0034675|1|9999|41500|0|0|0|0|1
10162385-10101|0076479|1|9999|41900|0|0|0|0|1
10162389-10101|0065778|1|9999|126700|0|0|0|0|1
10162389-10101|0065777|1|9999|126700|0|0|0|0|1
10162389-10101|0065780|1|9999|119700|0|0|0|0|1
10162389-10101|0071045|1|9999|119700|0|0|0|0|1
10162380-10101|0003342|1|9999|25200|0|0|0|0|1
10162380-10101|0069046|1|9999|7800|0|0|0|0|1
10162380-10101|0069047|1|9999|7800|0|0|0|0|1
10162380-10101|0069048|1|9999|7800|0|0|0|0|1
10162320-10101|0050199|1|9999|46500|0|0|0|0|1
10162320-10101|0032986|1|9999|46500|0|0|0|0|1
10162420-10101|0049481|1|9999|8500|0|0|0|0|1
10162421-10101|0079501|1|9999|7500|0|0|0|0|1
10162420-10101|0077902|1|9999|35900|0|0|0|0|1
10162421-10101|0077903|1|9999|59500|0|0|0|0|1
10162421-10101|0070117|1|9999|13900|0|0|0|0|1
10162421-10101|0073859|1|9999|25900|0|0|0|0|1
10162192-10101|0062483|1|9999|15900|0|0|0|0|1
10162382-10101|0086704|1|9999|5500|0|0|0|0|1
10162361-10101|0047721|1|9999||20|0|0|0|1
10162351-10101|0082093|1|9999|42000|0|0|0|0|1
10162351-10101|0081394|1|9999|42000|0|0|0|0|1
10162351-10101|0081393|1|9999|42000|0|0|0|0|1
10162357-10101|0040713|1|9999|13600|0|0|0|0|1
10162357-10101|0040712|1|9999|29500|0|0|0|0|1
10162351-10101|0073177|1|9999|27900|0|0|0|0|1
10162351-10101|0073175|1|9999|27900|0|0|0|0|1
10162351-10101|0073176|1|9999|27900|0|0|0|0|1
10162350-10101|0081392|1|9999|13600|0|0|0|0|1
10162350-10101|0081391|1|9999|29600|0|0|0|0|1
10162350-10101|0040711|1|9999|13600|0|0|0|0|1
10162350-10101|0040710|1|9999|29600|0|0|0|0|1
10162350-10101|0040632|1|9999|29600|0|0|0|0|1
10162350-10101|0040631|1|9999|29600|0|0|0|0|1
10162351-10101|0081036|1|9999|35900|0|0|0|0|1
10162351-10101|0073182|1|9999|35900|0|0|0|0|1
10162351-10101|0073184|1|9999|35900|0|0|0|0|1
10162351-10101|0073332|1|9999|35900|0|0|0|0|1
10162351-10101|0073186|1|9999|35900|0|0|0|0|1
10162351-10101|0073179|1|9999|35900|0|0|0|0|1
10162351-10101|0073183|1|9999|35900|0|0|0|0|1
10162351-10101|0073185|1|9999|35900|0|0|0|0|1
10162351-10101|0073181|1|9999|35900|0|0|0|0|1
10162351-10101|0073178|1|9999|35900|0|0|0|0|1
10162351-10101|0073180|1|9999|27900|0|0|0|0|1
10162351-10101|0030214|1|9999|35600|0|0|0|0|1
10162351-10101|0063669|1|9999|35600|0|0|0|0|1
10162351-10101|0064030|1|9999|35600|0|0|0|0|1
10162351-10101|0030270|1|9999|35600|0|0|0|0|1
10162351-10101|0040709|1|9999|35600|0|0|0|0|1
10162351-10101|0063671|1|9999|35600|0|0|0|0|1
10162351-10101|0027190|1|9999|35600|0|0|0|0|1
10162351-10101|0083791|1|9999|35600|0|0|0|0|1
10162351-10101|0063670|1|9999|35600|0|0|0|0|1
10162351-10101|0081587|1|9999|35600|0|0|0|0|1
10162351-10101|0072070|1|9999|33200|0|0|0|0|1
10162351-10101|0075709|1|9999|47800|0|0|0|0|1
10162351-10101|0075707|1|9999|47800|0|0|0|0|1
10162351-10101|0075706|1|9999|47800|0|0|0|0|1
10162351-10101|0075708|1|9999|47800|0|0|0|0|1
10162351-10101|0075705|1|9999|47800|0|0|0|0|1
10162351-10101|0082705|1|9999|37400|0|0|0|0|1
10162357-10101|0083641|1|9999|29300|0|0|0|0|1
10162357-10101|0072344|1|9999|29300|0|0|0|0|1
10162357-10101|0016139|1|9999|28300|0|0|0|0|1
10162356-10101|0029737|1|9999|51400|0|0|0|0|1
10162357-10101|0029975|1|9999|28300|0|0|0|0|1
10162357-10101|0016142|1|9999|28300|0|0|0|0|1
10162357-10101|0030174|1|9999|28300|0|0|0|0|1
10162356-10101|0081389|1|9999|51400|0|0|0|0|1
10162357-10101|0016664|1|9999|28300|0|0|0|0|1
10162357-10101|0016247|1|9999|28300|0|0|0|0|1
10162356-10101|0081390|1|9999|51400|0|0|0|0|1
10162357-10101|0012583|1|9999|28300|0|0|0|0|1
10162357-10101|0016140|1|9999|28300|0|0|0|0|1
10162356-10101|0081388|1|9999|51400|0|0|0|0|1
10162357-10101|0074382|1|9999|28300|0|0|0|0|1
10162357-10101|0029716|1|9999|28300|0|0|0|0|1
10162356-10101|0081387|1|9999|51400|0|0|0|0|1
10161728-10101|0076835|1|9999|47300|0|0|0|0|1
10161728-10101|0076836|1|9999|47300|0|0|0|0|1
10161728-10101|0079147|1|9999|51200|0|0|0|0|1
10161728-10101|0076834|1|9999|47300|0|0|0|0|1
10161728-10101|0076837|1|9999|38200|0|0|0|0|1
10161728-10101|0085476|1|9999|20200|0|0|0|0|1
10161728-10101|0079148|1|9999|22300|0|0|0|0|1
10162385-10101|0047639|1|9999|139500|0|0|0|0|1
10162385-10101|0047640|1|9999|139500|0|0|0|0|1
10162385-10101|0047641|1|9999|139500|0|0|0|0|1
10162342-10101|0078112|1|9999|34700|0|0|0|0|1
10162342-10101|0075820|1|9999|47800|0|0|0|0|1
10162404-10101|0029194|1|9999|6900|0|0|0|0|1
10162404-10101|0029195|1|9999|6900|0|0|0|0|1
10162361-10101|0077776|1|9999||20|0|0|0|1
10162361-10101|0034415|1|9999||20|0|0|0|1
10162361-10101|0047597|1|9999||20|0|0|0|1
10162361-10101|0047617|1|9999||20|0|0|0|1
10162361-10101|0055374|1|9999||20|0|0|0|1
10162361-10101|0076766|1|9999||20|0|0|0|1
10162361-10101|0076768|1|9999||20|0|0|0|1
10162361-10101|0005961|1|9999||20|0|0|0|1
10162361-10101|0035816|1|9999||20|0|0|0|1
10162361-10101|0082116|1|9999||20|0|0|0|1
10162361-10101|0083665|1|9999||20|0|0|0|1
10162361-10101|0002907|1|9999||20|0|0|0|1
10162361-10101|0034371|1|9999||20|0|0|0|1
10162250-10101|0081543|1|9999|69200|0|0|0|0|1
10162250-10101|0081542|1|9999|64700|0|0|0|0|1
10162250-10101|0000283|1|9999|41300|0|0|0|0|1
10162250-10101|0039776|1|9999|84800|0|0|0|0|1
10162269-10101|0045864|1|9999|6899000|0|0|0|0|1
10162404-10101|0081380|1|9999|87900|0|0|0|0|1
10162404-10101|0081381|1|9999|87900|0|0|0|0|1
10162404-10101|0081382|1|9999|87900|0|0|0|0|1
10162404-10101|0081383|1|9999|90900|0|0|0|0|1
10162404-10101|0078134|1|9999|15900|0|0|0|0|1
10162247-10101|0080325|1|9999|6600|0|0|0|0|1
10162247-10101|0080328|1|9999|5100|0|0|0|0|1
10162391-10101|0078392|1|9999|12950|0|0|0|0|1
10162405-10101|0076627|1|9999|20500|0|0|0|0|1
10162405-10101|0030966|1|9999|20500|0|0|0|0|1
10162403-10101|0004796|1|9999|42500|0|0|0|0|1
10162403-10101|0077780|1|9999|31900|0|0|0|0|1
10162403-10101|0077778|1|9999|31900|0|0|0|0|1
10162403-10101|0001260|1|9999|31900|0|0|0|0|1
10162403-10101|0002833|1|9999|2900|0|0|0|0|1
10162385-10101|0033599|1|9999|45500|0|0|0|0|1
10162403-10101|0001816|1|9999|22900|0|0|0|0|1
10162403-10101|0080291|1|9999|42500|0|0|0|0|1
10162342-10101|0082774|1|9999|25000|0|0|0|0|1
10162342-10101|0049862|1|9999|25000|0|0|0|0|1
10162386-10101|0083755|1|9999|17100|0|0|0|0|1
10162386-10101|0086337|1|9999|15200|0|0|0|0|1
10162380-10101|0084078|1|9999|16200|0|0|0|0|1
10162380-10101|0084079|1|9999|16200|0|0|0|0|1
10162380-10101|0084080|1|9999|16200|0|0|0|0|1
10162380-10101|0059626|1|9999|19200|0|0|0|0|1
10162380-10101|0059627|1|9999|19200|0|0|0|0|1
10162380-10101|0059628|1|9999|19200|0|0|0|0|1
10162381-10101|0066591|1|9999|5000|0|0|0|0|1
10162381-10101|0062587|1|9999|11500|0|0|0|0|1
10162384-10101|0017217|1|9999|7550|0|0|0|0|1
10162381-10101|0077092|1|9999|8800|0|0|0|0|1
10162381-10101|0066740|1|9999|21000|0|0|0|0|1
10162385-10101|0079486|1|9999|24500|0|0|0|0|1
10162385-10101|0079490|1|9999|24500|0|0|0|0|1
10162385-10101|0079487|1|9999|24500|0|0|0|0|1
10162405-10101|0075238|1|9999|87500|0|0|0|0|1
10162385-10101|0004362|1|9999|18700|0|0|0|0|1
10162461-10101|0030982|1|9999|13500|0|0|0|0|1
10162403-10101|0051345|1|9999|20500|0|0|0|0|1
10162385-10101|0004363|1|9999|18700|0|0|0|0|1
10162403-10101|0051344|1|9999|20500|0|0|0|0|1
10162385-10101|0032870|1|9999|18700|0|0|0|0|1
10162403-10101|0051342|1|9999|20500|0|0|0|0|1
10162385-10101|0033047|1|9999|18700|0|0|0|0|1
10162403-10101|0051343|1|9999|20500|0|0|0|0|1
10162385-10101|0079489|1|9999|24500|0|0|0|0|1
10162361-10101|0034493|1|9999||20|0|0|0|1
10162361-10101|0049226|1|9999||20|0|0|0|1
10162361-10101|0063360|1|9999||20|0|0|0|1
10162361-10101|0034372|1|9999||20|0|0|0|1
10162361-10101|0007907|1|9999||20|0|0|0|1
10162361-10101|0047610|1|9999||20|0|0|0|1
10162361-10101|0078287|1|9999||20|0|0|0|1
10162361-10101|0085067|1|9999||20|0|0|0|1
10162361-10101|0084670|1|9999||20|0|0|0|1
10162361-10101|0084640|1|9999||20|0|0|0|1
10162361-10101|0056595|1|9999||20|0|0|0|1
10162361-10101|0053060|1|9999||20|0|0|0|1
10162361-10101|0055105|1|9999||20|0|0|0|1
10162361-10101|0035829|1|9999||20|0|0|0|1
10162361-10101|0005106|1|9999||20|0|0|0|1
10162361-10101|0076767|1|9999||20|0|0|0|1
10162361-10101|0047612|1|9999||20|0|0|0|1
10162361-10101|0005862|1|9999||20|0|0|0|1
10162361-10101|0039871|1|9999||20|0|0|0|1
10162361-10101|0006203|1|9999||20|0|0|0|1
10162361-10101|0034373|1|9999||20|0|0|0|1
10162361-10101|0035815|1|9999||20|0|0|0|1
10162380-10101|0083805|1|9999|27500|0|0|0|0|1
10162380-10101|0083803|1|9999|27500|0|0|0|0|1
10162380-10101|0083804|1|9999|27500|0|0|0|0|1
10162361-10101|0038819|1|9999||20|0|0|0|1
10162361-10101|0034457|1|9999||20|0|0|0|1
10161728-10101|0079149|1|9999|35800|0|0|0|0|1
10162399-10101|0001611|1|9999|74000|0|0|0|0|1
10162399-10101|0003091|1|9999|74000|0|0|0|0|1
10162399-10101|0003128|1|9999|74000|0|0|0|0|1
10162246-10101|0081446|1|9999|423900|0|0|0|0|1
10162380-10101|0003163|1|9999|34700|0|0|0|0|1
10162380-10101|0070293|1|9999|34700|0|0|0|0|1
10162380-10101|0032425|1|9999|34700|0|0|0|0|1
10162380-10101|0072073|1|9999|38700|0|0|0|0|1
10162380-10101|0084562|1|9999|34700|0|0|0|0|1
10162351-10101|0086849|1|9999|35900|0|0|0|0|1
10162351-10101|0086850|1|9999|35900|0|0|0|0|1
10162350-10101|0086851|1|9999|13600|0|0|0|0|1
10162405-10101|0083598|1|9999|55500|0|0|0|0|1
10162405-10101|0083599|1|9999|56900|0|0|0|0|1
10162361-10101|0078286|1|9999||20|0|0|0|1
10162269-10101|0053548|1|9999|5999000|0|0|0|0|1
10162242-10101|0076352|1|9999|33200|0|0|0|0|1
10162242-10101|0078144|1|9999|18600|0|0|0|0|1
10162389-10101|0012057|1|9999|117900|0|0|0|0|1
10162394-10101|0041645|1|9999|19200|0|0|0|0|1
10162394-10101|0041646|1|9999|19200|0|0|0|0|1
10162394-10101|0041647|1|9999|19200|0|0|0|0|1
10162361-10101|0035831|1|9999||20|0|0|0|1
10162405-10101|0078890|1|9999|141500|0|0|0|0|1
10162405-10101|0078891|1|9999|141500|0|0|0|0|1
10162405-10101|0078892|1|9999|141500|0|0|0|0|1
10162405-10101|0078893|1|9999|141500|0|0|0|0|1
10162386-10101|0062484|1|9999|5600|0|0|0|0|1
10162354-10101|0087111|1|9999|130500|0|0|0|0|1
10162354-10101|0087112|1|9999|130500|0|0|0|0|1
10162354-10101|0087113|1|9999|413000|0|0|0|0|1
10162385-10101|0018538|1|9999|30200|0|0|0|0|1
10162385-10101|0018539|1|9999|30200|0|0|0|0|1
10162385-10101|0018537|1|9999|30200|0|0|0|0|1
10162385-10101|0018536|1|9999|30200|0|0|0|0|1
10162381-10101|0087000|1|9999|5000|0|0|0|0|1
10162321-10101|0049790|1|9999|49900|0|0|0|0|1
10162321-10101|0034627|1|9999|49900|0|0|0|0|1
10162423-10101|0002674|1|9999|48900|0|0|0|0|1
10162361-10101|0007012|1|9999||20|0|0|0|1
10162380-10101|0003209|1|9999|41500|0|0|0|0|1
10162460-10101|0032676|1|9999|49900|0|0|0|0|1
10162394-10101|0063999|1|9999|27800|0|0|0|0|1
10162323-10101|0034667|1|9999|14800|0|0|0|0|1
10162323-10101|0034669|1|9999|14800|0|0|0|0|1
10162361-10101|0033161|1|9999||20|0|0|0|1
10162386-10101|0084561|1|9999|21500|0|0|0|0|1
10162403-10101|0002831|1|9999|2900|0|0|0|0|1
10162361-10101|0039663|1|9999||20|0|0|0|1
10162192-10101|0062482|1|9999|15900|0|0|0|0|1
10162362-10101|0043385|1|9999||20|0|0|0|1
10162362-10101|0036477|1|9999||20|0|0|0|1
10162362-10101|0055891|1|9999||20|0|0|0|1
10162362-10101|0052210|1|9999||20|0|0|0|1
10162362-10101|0040362|1|9999||20|0|0|0|1
10162384-10101|0022130|1|9999|19300|0|0|0|0|1
10162361-10101|0047595|1|9999||20|0|0|0|1
10162361-10101|0077775|1|9999||20|0|0|0|1
10162382-10101|0087369|1|9999|6600|0|0|0|0|1
10162242-10101|0072272|1|9999|15500|0|0|0|0|1
10162361-10101|0005618|1|9999||20|0|0|0|1
10162421-10101|0063497|1|9999|4400|0|0|0|0|1
10162421-10101|0063498|1|9999|4400|0|0|0|0|1
10162246-10101|0042428|1|9999|926900|0|0|0|0|1
10162246-10101|0042435|1|9999|654900|0|0|0|0|1
10162421-10101|0035616|1|9999|54900|0|0|0|0|1
10162386-10101|0087433|1|9999|25900|0|0|0|0|1
10162386-10101|0087434|1|9999|25900|0|0|0|0|1
10162391-10101|0081215|1|9999|12100|0|0|0|0|1
10162391-10101|0081216|1|9999|12100|0|0|0|0|1
10162420-10101|0035390|1|9999|13900|0|0|0|0|1
10162421-10101|0035391|1|9999|13900|0|0|0|0|1
10162420-10101|0035392|1|9999|13900|0|0|0|0|1
10161973-10101|0065742|1|9999||10|0|0|0|1
10162361-10101|0034378|1|9999||20|0|0|0|1
10162361-10101|0063366|1|9999||20|0|0|0|1
10162421-10101|0023432|1|9999|15500|0|0|0|0|1
10162391-10101|0074714|1|9999|24700|0|0|0|0|1
10162421-10101|0023326|1|9999|24900|0|0|0|0|1
10162398-10101|0087492|1|9999|3650|0|0|0|0|1
10162398-10101|0087493|1|9999|3650|0|0|0|0|1
10162398-10101|0087494|1|9999|3650|0|0|0|0|1
10162382-10101|0018861|1|9999|6650|0|0|0|0|1
10162421-10101|0029169|1|9999|4500|0|0|0|0|1
10162361-10101|0069792|1|9999||20|0|0|0|1
10162361-10101|0046223|1|9999||20|0|0|0|1
10162361-10101|0034456|1|9999||20|0|0|0|1
10162361-10101|0034488|1|9999||20|0|0|0|1
10162361-10101|0034490|1|9999||20|0|0|0|1
10162361-10101|0041297|1|9999||20|0|0|0|1
10162361-10101|0007140|1|9999||20|0|0|0|1
10162361-10101|0053967|1|9999||20|0|0|0|1
10162361-10101|0060924|1|9999||20|0|0|0|1
10162361-10101|0082115|1|9999||20|0|0|0|1
10162361-10101|0034463|1|9999||20|0|0|0|1
10162361-10101|0077774|1|9999||20|0|0|0|1
10162360-10101|0065829|1|9999||50|0|0|0|1
10162250-10101|0087438|1|9999|39500|0|0|0|0|1
10162362-10101|0039156|1|9999||20|0|0|0|1
10162246-10101|0061900|1|9999|609900|0|0|0|0|1
10162361-10101|0045295|1|9999||20|0|0|0|1
10162384-10101|0087788|1|9999|18400|0|0|0|0|1
10162447-10101|0076973|1|9999|29900|0|0|0|0|1
10162361-10101|0034879|1|9999||20|0|0|0|1
10162404-10101|0022474|1|9999|16900|0|0|0|0|1
10162342-10101|0028540|1|9999|24200|0|0|0|0|1
10162242-10101|0087982|1|9999|13300|0|0|0|0|1
10162242-10101|0087984|1|9999|14900|0|0|0|0|1
10162242-10101|0087985|1|9999|14900|0|0|0|0|1
10162342-10101|0082647|1|9999|25000|0|0|0|0|1
10162342-10101|0028658|1|9999|24200|0|0|0|0|1
10162361-10101|0063356|1|9999||20|0|0|0|1
10162242-10101|0088118|1|9999|22100|0|0|0|0|1
10162361-10101|0055372|1|9999||20|0|0|0|1
10162447-10101|0076970|1|9999|42500|0|0|0|0|1
10162385-10101|0036109|1|9999|89500|0|0|0|0|1
10162385-10101|0036110|1|9999|105900|0|0|0|0|1
10162385-10101|0036111|1|9999|124900|0|0|0|0|1
10161730-10101|0088253|1|9999|38700|0|0|0|0|1
10161730-10101|0088249|1|9999|31500|0|0|0|0|1
10161730-10101|0088250|1|9999|31600|0|0|0|0|1
10161730-10101|0088251|1|9999|47200|0|0|0|0|1
10161730-10101|0088252|1|9999|45300|0|0|0|0|1
10162361-10101|0007286|1|9999||20|0|0|0|1
10162384-10101|0088161|1|9999|2250|0|0|0|0|1
10162384-10101|0088162|1|9999|7400|0|0|0|0|1
10162421-10101|0035625|1|9999|38900|0|0|0|0|1
10162421-10101|0035624|1|9999|38900|0|0|0|0|1
10162361-10101|0052930|1|9999||20|0|0|0|1
10162361-10101|0047074|1|9999||20|0|0|0|1
10162320-10101|0088198|1|9999|46500|0|0|0|0|1
10162317-10101|0001053|1|9999|29500|0|0|0|0|1
10162381-10101|0088469|1|9999|1850|0|0|0|0|1
10162381-10101|0088465|1|9999|4500|0|0|0|0|1
10162381-10101|0088466|1|9999|2100|0|0|0|0|1
10162404-10101|0029057|1|9999|9500|0|0|0|0|1
10162464-10101|0048264|1|9999|299900|0|0|0|0|1
10162253-10101|0087996|1|9999|623900|0|0|0|0|1
10162465-10101|0055541|1|9999|4599000|0|0|0|0|1
10162320-10101|0033303|1|9999|25200|0|0|0|0|1
10162404-10101|0088347|1|9999|83500|0|0|0|0|1
10162404-10101|0088348|1|9999|83500|0|0|0|0|1
10162404-10101|0088349|1|9999|83500|0|0|0|0|1
10162404-10101|0088350|1|9999|83500|0|0|0|0|1
10162386-10101|0088720|1|9999|7900|0|0|0|0|1
10162384-10101|0088811|1|9999|23200|0|0|0|0|1
10162384-10101|0088812|1|9999|23200|0|0|0|0|1
10162446-10101|0088172|1|9999|62500|0|0|0|0|1
10162404-10101|0061186|1|9999|62900|0|0|0|0|1
10162404-10101|0061187|1|9999|62900|0|0|0|0|1
10162404-10101|0061188|1|9999|62900|0|0|0|0|1
10162404-10101|0061189|1|9999|62900|0|0|0|0|1
10162404-10101|0061190|1|9999|62900|0|0|0|0|1
10162404-10101|0061192|1|9999|62900|0|0|0|0|1
10162404-10101|0061272|1|9999|69900|0|0|0|0|1
10162404-10101|0061273|1|9999|69900|0|0|0|0|1
10162320-10101|0003076|1|9999|11200|0|0|0|0|1
10162381-10101|0014803|1|9999|36000|0|0|0|0|1
10162361-10101|0035830|1|9999||20|0|0|0|1
10162394-10101|0051526|1|9999|12300|0|0|0|0|1
10162394-10101|0051527|1|9999|12300|0|0|0|0|1
10162385-10101|0051524|1|9999|23900|0|0|0|0|1
10162385-10101|0051525|1|9999|23900|0|0|0|0|1
10162361-10101|0005121|1|9999||20|0|0|0|1
10162386-10101|0057008|1|9999|16900|0|0|0|0|1
10162386-10101|0057474|1|9999|23000|0|0|0|0|1
10162410-10101|0057555|1|9999|60500|0|0|0|0|1
10162410-10101|0057556|1|9999|64500|0|0|0|0|1
10162410-10101|0057557|1|9999|83500|0|0|0|0|1
10162404-10101|0069879|1|9999|79500|0|0|0|0|1
10162403-10101|0030910|1|9999|17900|0|0|0|0|1
10162403-10101|0000983|1|9999|8300|0|0|0|0|1
10162253-10101|0063255|1|9999|342900|0|0|0|0|1
10162253-10101|0063254|1|9999|519900|0|0|0|0|1
10162421-10101|0089201|1|9999|13200|0|0|0|0|1
10162421-10101|0089202|1|9999|13200|0|0|0|0|1
10162404-10101|0047642|1|9999|145500|0|0|0|0|1
10162380-10101|0064230|1|9999|12700|0|0|0|0|1
10162380-10101|0064231|1|9999|12700|0|0|0|0|1
10162380-10101|0064232|1|9999|12700|0|0|0|0|1
10162380-10101|0064233|1|9999|12700|0|0|0|0|1
10162361-10101|0007382|1|9999||20|0|0|0|1
10162350-10101|0089368|1|9999|29600|0|0|0|0|1
10162272-10101|0088357|1|9999|3949000|0|0|0|0|1
10162395-10101|0089279|1|9999|2550|0|0|0|0|1
10162320-10101|0069898|1|9999|25200|0|0|0|0|1
10162320-10101|0069899|1|9999|25200|0|0|0|0|1
10162242-10101|0076353|1|9999|45500|0|0|0|0|1
10162403-10101|0044911|1|9999|4400|0|0|0|0|1
10162395-10101|0089568|1|9999|16200|0|0|0|0|1
10162386-10101|0089571|1|9999|118900|0|0|0|0|1
10162386-10101|0070292|1|9999|21500|0|0|0|0|1
10162361-10101|0039353|1|9999||20|0|0|0|1
10162320-10101|0072597|1|9999|25200|0|0|0|0|1
10162320-10101|0072601|1|9999|25200|0|0|0|0|1
10162421-10101|0032304|1|9999|49500|0|0|0|0|1
10162404-10101|0059660|1|9999|55500|0|0|0|0|1
10162404-10101|0059661|1|9999|55500|0|0|0|0|1
10162404-10101|0059662|1|9999|55500|0|0|0|0|1
10162405-10101|0065051|1|9999|52900|0|0|0|0|1
10162405-10101|0065052|1|9999|56900|0|0|0|0|1
10162403-10101|0051842|1|9999|20500|0|0|0|0|1
10162391-10101|0061866|1|9999|24200|0|0|0|0|1
10162423-10101|0031855|1|9999|27900|0|0|0|0|1
10162253-10101|0088394|1|9999|371900|0|0|0|0|1
10162421-10101|0089836|1|9999|35900|0|0|0|0|1
10162386-10101|0060836|1|9999|16900|0|0|0|0|1
10162380-10101|0060837|1|9999|7800|0|0|0|0|1
10162382-10101|0089867|1|9999|7900|0|0|0|0|1
10162382-10101|0089872|1|9999|7900|0|0|0|0|1
10162246-10101|0041936|1|9999|663900|0|0|0|0|1
10162246-10101|0041940|1|9999|2669900|0|0|0|0|1
10162384-10101|0089877|1|9999|13800|0|0|0|0|1
10162384-10101|0089879|1|9999|22950|0|0|0|0|1
10162246-10101|0042444|1|9999|3279900|0|0|0|0|1
10162272-10101|0059155|1|9999|6799000|0|0|0|0|1
10162385-10101|0004465|1|9999|9800|0|0|0|0|1
10162242-10101|0089911|1|9999|2700|0|0|0|0|1
10162253-10101|0067740|1|9999|416900|0|0|0|0|1
10162275-10101|0055416|1|9999|4599000|0|0|0|0|1
10162382-10101|0090009|1|9999|2900|0|0|0|0|1
10162380-10101|0034018|1|9999|18900|0|0|0|0|1
10162313-10101|0053987|1|9999|11000|0|0|0|0|1
10162253-10101|0067744|1|9999|266900|0|0|0|0|1
10162414-10101|0090167|1|9999|4500|0|0|0|0|1
10162388-10101|0090178|1|9999|61600|0|0|0|0|1
10162388-10101|0090177|1|9999|65900|0|0|0|0|1
10162403-10101|0069904|1|9999|42500|0|0|0|0|1
10162403-10101|0069906|1|9999|19900|0|0|0|0|1
10162403-10101|0069907|1|9999|42500|0|0|0|0|1
10162404-10101|0070843|1|9999|43500|0|0|0|0|1
10162404-10101|0070844|1|9999|44500|0|0|0|0|1
10162404-10101|0070846|1|9999|44500|0|0|0|0|1
10162391-10101|0090200|1|9999|12100|0|0|0|0|1
10162381-10101|0090186|1|9999|3600|0|0|0|0|1
10162381-10101|0090187|1|9999|3600|0|0|0|0|1
10162381-10101|0090188|1|9999|3600|0|0|0|0|1
10162385-10101|0054719|1|9999|21200|0|0|0|0|1
10162385-10101|0054720|1|9999|21200|0|0|0|0|1
10162385-10101|0054721|1|9999|21200|0|0|0|0|1
10162242-10101|0048956|1|9999|4600|0|0|0|0|1
10162266-10101|0060347|1|9999|3299000|0|0|0|0|1
10162361-10101|0007014|1|9999||20|0|0|0|1
10162462-10101|0058895|1|9999|4299000|0|0|0|0|1
10162384-10101|0090384|1|9999|32850|0|0|0|0|1
10162391-10101|0090406|1|9999|6500|0|0|0|0|1
10162242-10101|0090465|1|9999|15500|0|0|0|0|1
10162404-10101|0049666|1|9999|10900|0|0|0|0|1
10162404-10101|0033587|1|9999|14900|0|0|0|0|1
10162382-10101|0090609|1|9999|14000|0|0|0|0|1
10162382-10101|0090610|1|9999|14700|0|0|0|0|1
10162404-10101|0049667|1|9999|10900|0|0|0|0|1
10162351-10101|0090673|1|9999|15200|0|0|0|0|1
10162351-10101|0090674|1|9999|15200|0|0|0|0|1
10162351-10101|0090675|1|9999|15200|0|0|0|0|1
10162351-10101|0090670|1|9999|15200|0|0|0|0|1
10162351-10101|0090671|1|9999|15200|0|0|0|0|1
10162386-10101|0090704|1|9999|8500|0|0|0|0|1
10162266-10101|0090749|1|9999|8549000|0|0|0|0|1
10162266-10101|0090760|1|9999|3299000|0|0|0|0|1
10162421-10101|0031905|1|9999|33900|0|0|0|0|1
10162269-10101|0090813|1|9999|2949000|0|0|0|0|1
10162275-10101|0090817|1|9999|4949000|0|0|0|0|1
10162269-10101|0090831|1|9999|9249000|0|0|0|0|1
10162266-10101|0041041|1|9999|4949000|0|0|0|0|1
10162272-10101|0060337|1|9999|11799000|0|0|0|0|1
10162272-10101|0059154|1|9999|6149000|0|0|0|0|1
10162381-10101|0090914|1|9999|21300|0|0|0|0|1
10162462-10101|0090917|1|9999|5549000|0|0|0|0|1
10162269-10101|0059228|1|9999|2199000|0|0|0|0|1
10162269-10101|0072419|1|9999|2099000|0|0|0|0|1
10162357-10101|0090943|1|9999|7100|0|0|0|0|1
10162357-10101|0090944|1|9999|11800|0|0|0|0|1
10162242-10101|0070023|1|9999|19100|0|0|0|0|1
10162242-10101|0070022|1|9999|22100|0|0|0|0|1
10162272-10101|0090968|1|9999|4999000|0|0|0|0|1
10162272-10101|0090969|1|9999|4549000|0|0|0|0|1
10162385-10101|0070033|1|9999|24500|0|0|0|0|1
10162386-10101|0070035|1|9999|3200|0|0|0|0|1
10162386-10101|0070032|1|9999|3200|0|0|0|0|1
10162380-10101|0070037|1|9999|7900|0|0|0|0|1
10162385-10101|0070034|1|9999|24500|0|0|0|0|1
10162403-10101|0070045|1|9999|11200|0|0|0|0|1
10162250-10101|0091047|1|9999|48800|0|0|0|0|1
10162250-10101|0091048|1|9999|48800|0|0|0|0|1
10162272-10101|0091036|1|9999|3799000|0|0|0|0|1
10162272-10101|0091037|1|9999|2799000|0|0|0|0|1
10162272-10101|0091038|1|9999|3999000|0|0|0|0|1
10162266-10101|0091061|1|9999|3599000|0|0|0|0|1
10162462-10101|0091067|1|9999|4449000|0|0|0|0|1
10162462-10101|0091069|1|9999|3149000|0|0|0|0|1
10162361-10101|0064688|1|9999||20|0|0|0|1
10162382-10101|0091150|1|9999|6850|0|0|0|0|1
10162382-10101|0091156|1|9999|9300|0|0|0|0|1
10162404-10101|0077118|1|9999|15900|0|0|0|0|1
10162464-10101|0055840|1|9999|1449000|0|0|0|0|1
10162272-10101|0060336|1|9999|9399000|0|0|0|0|1
10162272-10101|0055535|1|9999|2499000|0|0|0|0|1
10162276-10101|0057729|1|9999|899000|0|0|0|0|1
10162447-10101|0091212|1|9999|55500|0|0|0|0|1
10162447-10101|0091213|1|9999|26900|0|0|0|0|1
10162272-10101|0091221|1|9999|26149000|0|0|0|0|1
10162414-10101|0091239|1|9999|13500|0|0|0|0|1
10162414-10101|0091240|1|9999|13500|0|0|0|0|1
10162250-10101|0091269|1|9999|4700|0|0|0|0|1
10162384-10101|0091281|1|9999|10100|0|0|0|0|1
10162275-10101|0063024|1|9999|5399000|0|0|0|0|1
10162463-10101|0091324|1|9999|4149000|0|0|0|0|1
10162385-10101|0059669|1|9999|29900|0|0|0|0|1
10162423-10101|0060538|1|9999|7900|0|0|0|0|1
10162382-10101|0091355|1|9999|21500|0|0|0|0|1
10162382-10101|0035758|1|9999|5300|0|0|0|0|1
10162382-10101|0009687|1|9999|5300|0|0|0|0|1
10162317-10101|0064094|1|9999|31500|0|0|0|0|1
10162403-10101|0066795|1|9999|20500|0|0|0|0|1
10162403-10101|0066797|1|9999|11500|0|0|0|0|1
10162266-10101|0091375|1|9999|3049000|0|0|0|0|1
10162275-10101|0091428|1|9999|10149000|0|0|0|0|1
10162253-10101|0089179|1|9999|317900|0|0|0|0|1
10162253-10101|0053074|1|9999|213900|0|0|0|0|1
10162253-10101|0034416|1|9999|291900|0|0|0|0|1
10162381-10101|0091505|1|9999|13100|0|0|0|0|1
10162423-10101|0059394|1|9999|17500|0|0|0|0|1
10161730-10101|0091553|1|9999|34200|0|0|0|0|1
10161730-10101|0091554|1|9999|34200|0|0|0|0|1
10162357-10101|0091582|1|9999|29300|0|0|0|0|1
10162266-10101|0091610|1|9999|3099000|0|0|0|0|1
10162405-10101|0065176|1|9999|34500|0|0|0|0|1
10162405-10101|0065177|1|9999|34500|0|0|0|0|1
10162405-10101|0065179|1|9999|34500|0|0|0|0|1
10162385-10101|0022229|1|9999|52900|0|0|0|0|1
10162385-10101|0022179|1|9999|59900|0|0|0|0|1
10162405-10101|0065178|1|9999|34500|0|0|0|0|1
10162463-10101|0091691|1|9999|2649000|0|0|0|0|1
10162361-10101|0005225|1|9999||20|0|0|0|1
10162404-10101|0047694|1|9999|65900|0|0|0|0|1
10162404-10101|0047695|1|9999|65900|0|0|0|0|1
10162404-10101|0047696|1|9999|65900|0|0|0|0|1
10162404-10101|0047691|1|9999|65900|0|0|0|0|1
10162404-10101|0047692|1|9999|65900|0|0|0|0|1
10162404-10101|0047693|1|9999|65900|0|0|0|0|1
10162404-10101|0047697|1|9999|65900|0|0|0|0|1
10162382-10101|0091751|1|9999|9000|0|0|0|0|1
10162269-10101|0054761|1|9999|2799000|0|0|0|0|1
10162343-10101|0091759|1|9999|38200|0|0|0|0|1
10162404-10101|0076131|1|9999|61900|0|0|0|0|1
10162404-10101|0076132|1|9999|76500|0|0|0|0|1
10162275-10101|0091868|1|9999|2349000|0|0|0|0|1
10162275-10101|0091869|1|9999|3199000|0|0|0|0|1
10162275-10101|0091870|1|9999|4199000|0|0|0|0|1
10162386-10101|0091878|1|9999|19200|0|0|0|0|1
10162423-10101|0045806|1|9999|16900|0|0|0|0|1
10162423-10101|0045807|1|9999|16900|0|0|0|0|1
10162446-10101|0088173|1|9999|96900|0|0|0|0|1
10162385-10101|0004364|1|9999|18700|0|0|0|0|1
10162385-10101|0045571|1|9999|18700|0|0|0|0|1
10162246-10101|0091998|1|9999|778900|0|0|0|0|1
10162246-10101|0092005|1|9999|865900|0|0|0|0|1
10162269-10101|0063733|1|9999|17249000|0|0|0|0|1
10162269-10101|0072078|1|9999|5049000|0|0|0|0|1
10162269-10101|0092110|1|9999|11899000|0|0|0|0|1
10162269-10101|0092098|1|9999|8499000|0|0|0|0|1
10162269-10101|0092111|1|9999|11349000|0|0|0|0|1
10162269-10101|0092100|1|9999|9749000|0|0|0|0|1
10162269-10101|0092099|1|9999|9149000|0|0|0|0|1
10162403-10101|0064305|1|9999|26900|0|0|0|0|1
10162403-10101|0078912|1|9999|8300|0|0|0|0|1
10162380-10101|0002365|1|9999|17600|0|0|0|0|1
10162423-10101|0002688|1|9999|61900|0|0|0|0|1
10162405-10101|0003303|1|9999|25500|0|0|0|0|1
10162397-10101|0004596|1|9999|41500|0|0|0|0|1
10162385-10101|0092262|1|9999|4900|0|0|0|0|1
10162269-10101|0092275|1|9999|3449000|0|0|0|0|1
10162391-10101|0029376|1|9999|6800|0|0|0|0|1
10162405-10101|0036184|1|9999|16900|0|0|0|0|1
10162410-10101|0045040|1|9999|33500|0|0|0|0|1
10162423-10101|0045682|1|9999|57500|0|0|0|0|1
10162356-10101|0092260|1|9999|52200|0|0|0|0|1
10162246-10101|0063262|1|9999|138900|0|0|0|0|1
10162246-10101|0063263|1|9999|356900|0|0|0|0|1
10162391-10101|0069205|1|9999|6200|0|0|0|0|1
10162423-10101|0073557|1|9999|25900|0|0|0|0|1
10162423-10101|0073558|1|9999|25900|0|0|0|0|1
10162382-10101|0092301|1|9999|2900|0|0|0|0|1
10162391-10101|0074715|1|9999|6500|0|0|0|0|1
10162380-10101|0075528|1|9999|107900|0|0|0|0|1
10162385-10101|0089536|1|9999|23750|0|0|0|0|1
10162246-10101|0092344|1|9999|669900|0|0|0|0|1
10162359-10101|0044291|1|9999||70|0|0|0|1
10162385-10101|0047673|1|9999|20500|0|0|0|0|1
10162385-10101|0047674|1|9999|20500|0|0|0|0|1
10162385-10101|0047675|1|9999|20500|0|0|0|0|1
10162246-10101|0092345|1|9999|946900|0|0|0|0|1
10162246-10101|0092346|1|9999|493900|0|0|0|0|1
10162246-10101|0092347|1|9999|369900|0|0|0|0|1
10162253-10101|0034401|1|9999|319900|0|0|0|0|1
10162361-10101|0034499|1|9999||20|0|0|0|1
10162423-10101|0045681|1|9999|31900|0|0|0|0|1
10162420-10101|0039235|1|9999|8500|0|0|0|0|1
10162404-10101|0077117|1|9999|15900|0|0|0|0|1
10162403-10101|0088169|1|9999|8500|0|0|0|0|1
10162242-10101|0048972|1|9999|2800|0|0|0|0|1
10162329-10101|0048278|1|9999|25500|0|0|0|0|1
10162329-10101|0048280|1|9999|27900|0|0|0|0|1
10162385-10101|0075527|1|9999|107900|0|0|0|0|1
10162403-10101|0081713|1|9999|20500|0|0|0|0|1
10162403-10101|0081714|1|9999|42500|0|0|0|0|1
10162320-10101|0049491|1|9999|26200|0|0|0|0|1
10162423-10101|0091857|1|9999|13900|0|0|0|0|1
10162253-10101|0078094|1|9999|265900|0|0|0|0|1
10162382-10101|0092265|1|9999|6650|0|0|0|0|1
10162404-10101|0071807|1|9999|29900|0|0|0|0|1
10162253-10101|0092597|1|9999|398900|0|0|0|0|1
10162405-10101|0065054|1|9999|77900|0|0|0|0|1
10162405-10101|0065055|1|9999|77900|0|0|0|0|1
10162405-10101|0065056|1|9999|87500|0|0|0|0|1
10162403-10101|0081723|1|9999|20500|0|0|0|0|1
10162272-10101|0092661|1|9999|5199000|0|0|0|0|1
10162403-10101|0031001|1|9999|2900|0|0|0|0|1
10162380-10101|0037145|1|9999|48500|0|0|0|0|1
10162380-10101|0037146|1|9999|49900|0|0|0|0|1
10162380-10101|0037147|1|9999|49900|0|0|0|0|1
10162380-10101|0037148|1|9999|44900|0|0|0|0|1
10162380-10101|0037150|1|9999|57500|0|0|0|0|1
10162354-10101|0092673|1|9999|130500|0|0|0|0|1
10162275-10101|0092705|1|9999|8599000|0|0|0|0|1
10162384-10101|0037177|1|9999|26100|0|0|0|0|1
10162242-10101|0092677|1|9999|4600|0|0|0|0|1
10162269-10101|0092830|1|9999|9599000|0|0|0|0|1
10162446-10101|0092864|1|9999|29900|0|0|0|0|1
10162446-10101|0092865|1|9999|29900|0|0|0|0|1
10162446-10101|0092866|1|9999|29900|0|0|0|0|1
10162446-10101|0092863|1|9999|86900|0|0|0|0|1
10162382-10101|0090636|1|9999|6500|0|0|0|0|1
10162382-10101|0090637|1|9999|6500|0|0|0|0|1
10162380-10101|0037291|1|9999|31900|0|0|0|0|1
10162423-10101|0059186|1|9999|27500|0|0|0|0|1
10162423-10101|0059187|1|9999|27500|0|0|0|0|1
10162423-10101|0059188|1|9999|27500|0|0|0|0|1
10162269-10101|0091326|1|9999|3799000|0|0|0|0|1
10162391-10101|0092937|1|9999|20500|0|0|0|0|1
10162386-10101|0092940|1|9999|43600|0|0|0|0|1
10162386-10101|0092939|1|9999|43600|0|0|0|0|1
10162246-10101|0093014|1|9999|848900|0|0|0|0|1
10162404-10101|0003924|1|9999|25900|0|0|0|0|1
10162269-10101|0093064|1|9999|3749000|0|0|0|0|1
10162269-10101|0093072|1|9999|2349000|0|0|0|0|1
10162269-10101|0093063|1|9999|3299000|0|0|0|0|1
10162384-10101|0093048|1|9999|98300|0|0|0|0|1
10162242-10101|0093049|1|9999|18600|0|0|0|0|1
10162381-10101|0093092|1|9999|7750|0|0|0|0|1
10162463-10101|0093104|1|9999|1699000|0|0|0|0|1
10162246-10101|0091381|1|9999|835900|0|0|0|0|1
10162246-10101|0091380|1|9999|898900|0|0|0|0|1
10162253-10101|0093106|1|9999|269900|0|0|0|0|1
10162253-10101|0093109|1|9999|515900|0|0|0|0|1
10162275-10101|0093142|1|9999|1649000|0|0|0|0|1
10162275-10101|0093141|1|9999|3149000|0|0|0|0|1
10162275-10101|0093140|1|9999|1999000|0|0|0|0|1
10162269-10101|0093170|1|9999|7249000|0|0|0|0|1
10162269-10101|0093167|1|9999|4749000|0|0|0|0|1
10162269-10101|0093168|1|9999|11649000|0|0|0|0|1
10162462-10101|0093197|1|9999|6349000|0|0|0|0|1
10162423-10101|0049494|1|9999|43900|0|0|0|0|1
10162403-10101|0093200|1|9999|17500|0|0|0|0|1
10162385-10101|0093135|1|9999|16900|0|0|0|0|1
10162385-10101|0093136|1|9999|16900|0|0|0|0|1
10162380-10101|0093137|1|9999|18900|0|0|0|0|1
10162380-10101|0093138|1|9999|18900|0|0|0|0|1
10162380-10101|0093139|1|9999|18900|0|0|0|0|1
10162253-10101|0093232|1|9999|315900|0|0|0|0|1
10162410-10101|0022287|1|9999|161500|0|0|0|0|1
10162410-10101|0022289|1|9999|161500|0|0|0|0|1
10162421-10101|0052538|1|9999|13200|0|0|0|0|1
10162423-10101|0057939|1|9999|27500|0|0|0|0|1
10162423-10101|0057940|1|9999|27500|0|0|0|0|1
10162246-10101|0064896|1|9999|185900|0|0|0|0|1
10162275-10101|0093315|1|9999|5249000|0|0|0|0|1
10162267-10101|0093306|1|9999|28999000|0|0|0|0|1
10162269-10101|0080999|1|9999|2049000|0|0|0|0|1
10162463-10101|0063153|1|9999|5949000|0|0|0|0|1
10162269-10101|0093359|1|9999|3699000|0|0|0|0|1
10162385-10101|0068032|1|9999|41900|0|0|0|0|1
10162385-10101|0068033|1|9999|41900|0|0|0|0|1
10162403-10101|0068030|1|9999|16900|0|0|0|0|1
10162356-10101|0093429|1|9999|13800|0|0|0|0|1
10162356-10101|0093430|1|9999|34300|0|0|0|0|1
10162357-10101|0093433|1|9999|31800|0|0|0|0|1
10162266-10101|0093447|1|9999|4699000|0|0|0|0|1
10162328-10101|0043745|1|9999|25500|0|0|0|0|1
10162328-10101|0043742|1|9999|38900|0|0|0|0|1
10162272-10101|0093450|1|9999|11349000|0|0|0|0|1
10162272-10101|0093451|1|9999|15699000|0|0|0|0|1
10162272-10101|0093452|1|9999|13699000|0|0|0|0|1
10162275-10101|0093462|1|9999|13099000|0|0|0|0|1
10162382-10101|0093476|1|9999|7900|0|0|0|0|1
10162381-10101|0093479|1|9999|7850|0|0|0|0|1
10162381-10101|0093480|1|9999|7850|0|0|0|0|1
10162381-10101|0093481|1|9999|17200|0|0|0|0|1
10162381-10101|0093482|1|9999|17200|0|0|0|0|1
10162272-10101|0093477|1|9999|4549000|0|0|0|0|1
10162421-10101|0059189|1|9999|24900|0|0|0|0|1
10162421-10101|0058942|1|9999|15700|0|0|0|0|1
10162421-10101|0059049|1|9999|8900|0|0|0|0|1
10162246-10101|0093488|1|9999|1091900|0|0|0|0|1
10162246-10101|0093489|1|9999|327900|0|0|0|0|1
10162246-10101|0093490|1|9999|123900|0|0|0|0|1
10162246-10101|0093478|1|9999|1127900|0|0|0|0|1
10162246-10101|0093499|1|9999|1804900|0|0|0|0|1
10162275-10101|0093498|1|9999|6549000|0|0|0|0|1
10162320-10101|0035176|1|9999|46500|0|0|0|0|1
10162421-10101|0057670|1|9999|12500|0|0|0|0|1
10162421-10101|0057671|1|9999|12500|0|0|0|0|1
10162269-10101|0093623|1|9999|3949000|0|0|0|0|1
10162269-10101|0093624|1|9999|6349000|0|0|0|0|1
10162382-10101|0093658|1|9999|9350|0|0|0|0|1
10162382-10101|0093660|1|9999|7500|0|0|0|0|1
10162446-10101|0050006|1|9999|16900|0|0|0|0|1
10162446-10101|0050007|1|9999|16900|0|0|0|0|1
10162275-10101|0093691|1|9999|5749000|0|0|0|0|1
10162272-10101|0093710|1|9999|7949000|0|0|0|0|1
10162272-10101|0093711|1|9999|6649000|0|0|0|0|1
10162382-10101|0093708|1|9999|7200|0|0|0|0|1
10162384-10101|0093829|1|9999|11000|0|0|0|0|1
10162381-10101|0085083|1|9999|5800|0|0|0|0|1
10162381-10101|0085085|1|9999|5800|0|0|0|0|1
10162381-10101|0093889|1|9999|13500|0|0|0|0|1
10162381-10101|0093890|1|9999|13500|0|0|0|0|1
10162381-10101|0093891|1|9999|13500|0|0|0|0|1
10162246-10101|0094072|1|9999|865900|0|0|0|0|1
10162285-10101|0077685|1|9999|33200|0|0|0|0|1
10162285-10101|0077686|1|9999|35600|0|0|0|0|1
10162285-10101|0077687|1|9999|31600|0|0|0|0|1
10162403-10101|0065725|1|9999|15500|0|0|0|0|1
10162403-10101|0065726|1|9999|15500|0|0|0|0|1
10162403-10101|0065727|1|9999|4400|0|0|0|0|1
10162272-10101|0094165|1|9999|5749000|0|0|0|0|1
10162272-10101|0094166|1|9999|8599000|0|0|0|0|1
10162272-10101|0094167|1|9999|16499000|0|0|0|0|1
10162272-10101|0094168|1|9999|3999000|0|0|0|0|1
10162463-10101|0094184|1|9999|7849000|0|0|0|0|1
10162253-10101|0094200|1|9999|269900|0|0|0|0|1
10162253-10101|0094196|1|9999|253900|0|0|0|0|1
10162253-10101|0094197|1|9999|114900|0|0|0|0|1
10162253-10101|0094199|1|9999|234900|0|0|0|0|1
10162385-10101|0056472|1|9999|16700|0|0|0|0|1
10162385-10101|0056473|1|9999|16700|0|0|0|0|1
10162385-10101|0056474|1|9999|16700|0|0|0|0|1
10162266-10101|0094305|1|9999|2999000|0|0|0|0|1
10162266-10101|0094306|1|9999|4049000|0|0|0|0|1
10162422-10101|0033341|1|9999|32500|0|0|0|0|1
10162421-10101|0003611|1|9999|35900|0|0|0|0|1
10162386-10101|0057122|1|9999|16900|0|0|0|0|1
10162253-10101|0034414|1|9999|851900|0|0|0|0|1
10162403-10101|0065736|1|9999|5300|0|0|0|0|1
10162404-10101|0064636|1|9999|12300|0|0|0|0|1
10162317-10101|0064637|1|9999|22900|0|0|0|0|1
10162317-10101|0064762|1|9999|22900|0|0|0|0|1
10162329-10101|0043744|1|9999|44500|0|0|0|0|1
10162329-10101|0043746|1|9999|44500|0|0|0|0|1
10162329-10101|0048277|1|9999|44500|0|0|0|0|1
10162330-10101|0048279|1|9999|49500|0|0|0|0|1
10162329-10101|0043741|1|9999|62800|0|0|0|0|1
10162423-10101|0049498|1|9999|19900|0|0|0|0|1
10162328-10101|0043740|1|9999|25500|0|0|0|0|1
10162420-10101|0068050|1|9999|21900|0|0|0|0|1
10162272-10101|0094432|1|9999|9199000|0|0|0|0|1
10162246-10101|0064897|1|9999|635900|0|0|0|0|1
10162382-10101|0094468|1|9999|4950|0|0|0|0|1
10162391-10101|0094435|1|9999|5950|0|0|0|0|1
10162242-10101|0071184|1|9999|6800|0|0|0|0|1
10162382-10101|0094487|1|9999|4950|0|0|0|0|1
10162381-10101|0094486|1|9999|6100|0|0|0|0|1
10162269-10101|0094494|1|9999|5999000|0|0|0|0|1
10162269-10101|0094495|1|9999|4749000|0|0|0|0|1
10162381-10101|0094500|1|9999|13300|0|0|0|0|1
10162381-10101|0094501|1|9999|15600|0|0|0|0|1
10162381-10101|0094502|1|9999|5300|0|0|0|0|1
10162381-10101|0094503|1|9999|13300|0|0|0|0|1
10162381-10101|0094504|1|9999|13300|0|0|0|0|1
10162381-10101|0094505|1|9999|5300|0|0|0|0|1
10162381-10101|0094506|1|9999|5300|0|0|0|0|1
10162381-10101|0094507|1|9999|5700|0|0|0|0|1
10162386-10101|0094529|1|9999|7700|0|0|0|0|1
10162403-10101|0059953|1|9999|7200|0|0|0|0|1
10162403-10101|0059954|1|9999|7200|0|0|0|0|1
10162403-10101|0059955|1|9999|7200|0|0|0|0|1
10162405-10101|0094519|1|9999|47900|0|0|0|0|1
10162405-10101|0094520|1|9999|47900|0|0|0|0|1
10162405-10101|0094521|1|9999|47900|0|0|0|0|1
10162386-10101|0059950|1|9999|16900|0|0|0|0|1
10162381-10101|0094573|1|9999|4100|0|0|0|0|1
10162382-10101|0094596|1|9999|2900|0|0|0|0|1
10161728-10101|0076838|1|9999|20200|0|0|0|0|1
10162253-10101|0094631|1|9999|358900|0|0|0|0|1
10161730-10101|0094639|1|9999|27200|0|0|0|0|1
10162381-10101|0094650|1|9999|6650|0|0|0|0|1
10162269-10101|0094656|1|9999|6499000|0|0|0|0|1
10161728-10101|0094661|1|9999|52200|0|0|0|0|1
10161728-10101|0094662|1|9999|55900|0|0|0|0|1
10161728-10101|0094663|1|9999|21900|0|0|0|0|1
10161728-10101|0094664|1|9999|21200|0|0|0|0|1
10161728-10101|0094665|1|9999|22000|0|0|0|0|1
10161728-10101|0094666|1|9999|12200|0|0|0|0|1
10161728-10101|0094667|1|9999|21200|0|0|0|0|1
10161728-10101|0094668|1|9999|33500|0|0|0|0|1
10161728-10101|0094669|1|9999|33500|0|0|0|0|1
10162247-10101|0033972|1|9999|11300|0|0|0|0|1
10161728-10101|0094687|1|9999|21600|0|0|0|0|1
10161728-10101|0094689|1|9999|23800|0|0|0|0|1
10162384-10101|0065515|1|9999|14800|0|0|0|0|1
10162384-10101|0065516|1|9999|14800|0|0|0|0|1
10162384-10101|0065521|1|9999|14400|0|0|0|0|1
10162323-10101|0003458|1|9999|10900|0|0|0|0|1
10162285-10101|0077684|1|9999|23600|0|0|0|0|1
10162285-10101|0077688|1|9999|23600|0|0|0|0|1
10162285-10101|0077689|1|9999|23600|0|0|0|0|1
10162285-10101|0045055|1|9999|31600|0|0|0|0|1
10162463-10101|0094739|1|9999|2049000|0|0|0|0|1
10162382-10101|0090634|1|9999|19500|0|0|0|0|1
10162382-10101|0090635|1|9999|19500|0|0|0|0|1
10162382-10101|0033696|1|9999|6650|0|0|0|0|1
10162253-10101|0094747|1|9999|566900|0|0|0|0|1
10161728-10101|0079151|1|9999|63400|0|0|0|0|1
10162317-10101|0075419|1|9999|29900|0|0|0|0|1
10162446-10101|0046388|1|9999|76500|0|0|0|0|1
10162446-10101|0046389|1|9999|76500|0|0|0|0|1
10162446-10101|0046390|1|9999|76500|0|0|0|0|1
10162446-10101|0046391|1|9999|76500|0|0|0|0|1
10162386-10101|0094785|1|9999|17100|0|0|0|0|1
10162275-10101|0094798|1|9999|12699000|0|0|0|0|1
10162269-10101|0094795|1|9999|4499000|0|0|0|0|1
10162405-10101|0035093|1|9999|3900|0|0|0|0|1
10162381-10101|0094804|1|9999|4900|0|0|0|0|1
10162381-10101|0094806|1|9999|4900|0|0|0|0|1
10162381-10101|0094808|1|9999|4900|0|0|0|0|1
10162380-10101|0004598|1|9999|41500|0|0|0|0|1
10162380-10101|0031337|1|9999|33800|0|0|0|0|1
10162385-10101|0045062|1|9999|18700|0|0|0|0|1
10162385-10101|0045063|1|9999|18700|0|0|0|0|1
10162380-10101|0045500|1|9999|4800|0|0|0|0|1
10162380-10101|0045501|1|9999|4800|0|0|0|0|1
10162404-10101|0045518|1|9999|18500|0|0|0|0|1
10162385-10101|0045066|1|9999|16900|0|0|0|0|1
10162385-10101|0045067|1|9999|16900|0|0|0|0|1
10162389-10101|0094854|1|9999|139900|0|0|0|0|1
10162423-10101|0018324|1|9999|26900|0|0|0|0|1
10162381-10101|0094923|1|9999|6500|0|0|0|0|1
10162381-10101|0094934|1|9999|6950|0|0|0|0|1
10162275-10101|0094947|1|9999|2899000|0|0|0|0|1
10161728-10101|0085474|1|9999|50200|0|0|0|0|1
10162385-10101|0062540|1|9999|71900|0|0|0|0|1
10162272-10101|0095000|1|9999|2299000|0|0|0|0|1
10162385-10101|0062543|1|9999|71900|0|0|0|0|1
10162385-10101|0062544|1|9999|71900|0|0|0|0|1
10162405-10101|0062577|1|9999|21500|0|0|0|0|1
10162405-10101|0046499|1|9999|77900|0|0|0|0|1
10162444-10101|0033937|1|9999|18600|0|0|0|0|1
10162444-10101|0033938|1|9999|18600|0|0|0|0|1
10162384-10101|0051181|1|9999|24700|0|0|0|0|1
10162384-10101|0080006|1|9999|15800|0|0|0|0|1
10162384-10101|0080007|1|9999|15800|0|0|0|0|1
10162422-10101|0018160|1|9999|150000|0|0|0|0|1
10162266-10101|0095184|1|9999|14499000|0|0|0|0|1
10162253-10101|0095089|1|9999|566900|0|0|0|0|1
10162317-10101|0095245|1|9999|22900|0|0|0|0|1
10162403-10101|0070586|1|9999|7500|0|0|0|0|1
10162403-10101|0070582|1|9999|8500|0|0|0|0|1
10162403-10101|0070583|1|9999|8500|0|0|0|0|1
10162403-10101|0070584|1|9999|3200|0|0|0|0|1
10162246-10101|0095273|1|9999|1829900|0|0|0|0|1
10162242-10101|0095333|1|9999|15700|0|0|0|0|1
10162391-10101|0095078|1|9999|12600|0|0|0|0|1
10162392-10101|0095402|1|9999|36300|0|0|0|0|1
10162392-10101|0095401|1|9999|120400|0|0|0|0|1
10162253-10101|0095451|1|9999|1015900|0|0|0|0|1
10162246-10101|0095465|1|9999|2393900|0|0|0|0|1
10162253-10101|0095468|1|9999|213900|0|0|0|0|1
10162253-10101|0095436|1|9999|1118900|0|0|0|0|1
10162253-10101|0095544|1|9999|415900|0|0|0|0|1
10162253-10101|0095543|1|9999|425900|0|0|0|0|1
10162253-10101|0095541|1|9999|233900|0|0|0|0|1
10162253-10101|0095548|1|9999|331900|0|0|0|0|1
10162253-10101|0095549|1|9999|438900|0|0|0|0|1
10162253-10101|0095550|1|9999|692900|0|0|0|0|1
10162381-10101|0095664|1|9999|4600|0|0|0|0|1
10162381-10101|0095663|1|9999|4600|0|0|0|0|1
10162330-10101|0045073|1|9999|49500|0|0|0|0|1
10162330-10101|0045074|1|9999|27900|0|0|0|0|1
10162330-10101|0045075|1|9999|62800|0|0|0|0|1
10162330-10101|0045076|1|9999|38900|0|0|0|0|1
10162272-10101|0095794|1|9999|13699000|0|0|0|0|1
10162272-10101|0095797|1|9999|8749000|0|0|0|0|1
10162272-10101|0095796|1|9999|42499000|0|0|0|0|1
10162272-10101|0095795|1|9999|16649000|0|0|0|0|1
10162405-10101|0095736|1|9999|10900|0|0|0|0|1
10162405-10101|0095737|1|9999|2900|0|0|0|0|1
10162267-10101|0095826|1|9999|27749000|0|0|0|0|1
10162395-10101|0095802|1|9999|16200|0|0|0|0|1
10162421-10101|0095890|1|9999|17500|0|0|0|0|1
10162242-10101|0095973|1|9999|9400|0|0|0|0|1
10162242-10101|0095969|1|9999|9400|0|0|0|0|1
10162266-10101|0096052|1|9999|25999000|0|0|0|0|1
10162266-10101|0096051|1|9999|17249000|0|0|0|0|1
10162266-10101|0096050|1|9999|20549000|0|0|0|0|1
10162266-10101|0096057|1|9999|14499000|0|0|0|0|1
10162266-10101|0096056|1|9999|7549000|0|0|0|0|1
10162464-10101|0060234|1|9999|1049000|0|0|0|0|1
10162253-10101|0096044|1|9999|239900|0|0|0|0|1
10162384-10101|0096084|1|9999|16700|0|0|0|0|1
10162384-10101|0096085|1|9999|22800|0|0|0|0|1
10162381-10101|0096130|1|9999|20400|0|0|0|0|1
10162381-10101|0096131|1|9999|20400|0|0|0|0|1
10162381-10101|0096132|1|9999|7950|0|0|0|0|1
10162381-10101|0096133|1|9999|8100|0|0|0|0|1
10162443-10101|0096162|1|9999|16500|0|0|0|0|1
10162443-10101|0096163|1|9999|13100|0|0|0|0|1
10162269-10101|0096187|1|9999|16699000|0|0|0|0|1
10162269-10101|0096221|1|9999|5499000|0|0|0|0|1
10162269-10101|0096222|1|9999|6299000|0|0|0|0|1
10162272-10101|0096223|1|9999|11549000|0|0|0|0|1
10162266-10101|0096226|1|9999|7399000|0|0|0|0|1
10162266-10101|0096227|1|9999|16699000|0|0|0|0|1
10162246-10101|0096233|1|9999|2475900|0|0|0|0|1
10162361-10101|0005224|1|9999||20|0|0|0|1
10162321-10101|0049306|1|9999|23200|0|0|0|0|1
10162321-10101|0050770|1|9999|23200|0|0|0|0|1
10162463-10101|1717920|1|9999|5199000|0|0|0|0|1
10162269-10101|1717940|1|9999|8699000|0|0|0|0|1
10162269-10101|1717960|1|9999|9749000|0|0|0|0|1
10162269-10101|1717980|1|9999|14399000|0|0|0|0|1
10162269-10101|1718000|1|9999|22599000|0|0|0|0|1
10162272-10101|1718020|1|9999|13499000|0|0|0|0|1
10162323-10101|0045249|1|9999|81900|0|0|0|0|1
10162342-10101|0082642|1|9999|25000|0|0|0|0|1
10162323-10101|0045250|1|9999|81900|0|0|0|0|1
10162323-10101|0045247|1|9999|81900|0|0|0|0|1
10162323-10101|0045248|1|9999|81900|0|0|0|0|1
10162272-10101|1719380|1|9999|6749000|0|0|0|0|1
10162272-10101|1719400|1|9999|6399000|0|0|0|0|1
10162242-10101|1719760|1|9999|13600|0|0|0|0|1
10162385-10101|0044834|1|9999|126900|0|0|0|0|1
10162423-10101|1720221|1|9999|28500|0|0|0|0|1
10162421-10101|1720223|1|9999|10500|0|0|0|0|1
10162385-10101|0067959|1|9999|78900|0|0|0|0|1
10162385-10101|0067960|1|9999|92900|0|0|0|0|1
10162385-10101|0067961|1|9999|109900|0|0|0|0|1
10162423-10101|0060987|1|9999|12500|0|0|0|0|1
10162323-10101|0053887|1|9999|81900|0|0|0|0|1
10162323-10101|0046993|1|9999|81900|0|0|0|0|1
10162323-10101|0053885|1|9999|81900|0|0|0|0|1
10162323-10101|0053886|1|9999|81900|0|0|0|0|1
10162385-10101|1723561|1|9999|58500|0|0|0|0|1
10162380-10101|0001623|1|9999|17600|0|0|0|0|1
10162380-10101|0000882|1|9999|29300|0|0|0|0|1
10162380-10101|0000852|1|9999|29300|0|0|0|0|1
10162321-10101|0023019|1|9999|41500|0|0|0|0|1
10162321-10101|0050767|1|9999|33900|0|0|0|0|1
10162321-10101|0050768|1|9999|33900|0|0|0|0|1
10162323-10101|1724580|1|9999|25900|0|0|0|0|1
10162399-10101|0070049|1|9999|34800|0|0|0|0|1
10162399-10101|0070050|1|9999|34800|0|0|0|0|1
10162272-10101|1725600|1|9999|6099000|0|0|0|0|1
10162246-10101|1726480|1|9999|537900|0|0|0|0|1
10162413-10101|1727720|1|9999|60900|0|0|0|0|1
10162413-10101|1727760|1|9999|97500|0|0|0|0|1
10162413-10101|1727780|1|9999|106500|0|0|0|0|1
10162413-10101|1727820|1|9999|115500|0|0|0|0|1
10162413-10101|1727860|1|9999|115500|0|0|0|0|1
10162413-10101|1727905|1|9999|115500|0|0|0|0|1
10162403-10101|1727982|1|9999|11500|0|0|0|0|1
10162403-10101|1728000|1|9999|8300|0|0|0|0|1
10162403-10101|1728040|1|9999|11500|0|0|0|0|1
10162330-10101|0043747|1|9999|71500|0|0|0|0|1
10162385-10101|1730920|1|9999|29900|0|0|0|0|1
10162276-10101|1731082|1|9999|3599000|0|0|0|0|1
10162361-10101|0034461|1|9999||20|0|0|0|1
10162411-10101|0059296|1|9999|48500|0|0|0|0|1
10162411-10101|0059297|1|9999|48500|0|0|0|0|1
10162411-10101|0059298|1|9999|48500|0|0|0|0|1
10162266-10101|1732100|1|9999|8149000|0|0|0|0|1
10162266-10101|1732140|1|9999|9549000|0|0|0|0|1
10162443-10101|1733081|1|9999|18900|0|0|0|0|1
10162443-10101|1733180|1|9999|19400|0|0|0|0|1
10162443-10101|1733200|1|9999|16400|0|0|0|0|1
10162269-10101|1733540|1|9999|6999000|0|0|0|0|1
10162272-10101|1733541|1|9999|10399000|0|0|0|0|1
10162272-10101|1733560|1|9999|9999000|0|0|0|0|1
10162405-10101|1737022|1|9999|36500|0|0|0|0|1
10162413-10101|1737080|1|9999|68500|0|0|0|0|1
10162413-10101|1737121|1|9999|77900|0|0|0|0|1
10162413-10101|1737160|1|9999|77900|0|0|0|0|1
10162413-10101|1737180|1|9999|83900|0|0|0|0|1
10162413-10101|1737200|1|9999|83900|0|0|0|0|1
10162382-10101|1739120|1|9999|6150|0|0|0|0|1
10162269-10101|1740800|1|9999|11099000|0|0|0|0|1
10162380-10101|0034003|1|9999|64500|0|0|0|0|1
10162380-10101|0034004|1|9999|64500|0|0|0|0|1
10162380-10101|0034005|1|9999|64500|0|0|0|0|1
10162421-10101|0074781|1|9999|38900|0|0|0|0|1
10162242-10101|1741560|1|9999|13300|0|0|0|0|1
10162247-10101|1741620|1|9999|14600|0|0|0|0|1
10162385-10101|1743180|1|9999|14500|0|0|0|0|1
10162385-10101|1743200|1|9999|14500|0|0|0|0|1
10162385-10101|1743220|1|9999|14500|0|0|0|0|1
10162385-10101|1743221|1|9999|14500|0|0|0|0|1
10162394-10101|1745200|1|9999|19200|0|0|0|0|1
10162405-10101|1745700|1|9999|72500|0|0|0|0|1
10162405-10101|1745702|1|9999|72500|0|0|0|0|1
10162405-10101|1745720|1|9999|72500|0|0|0|0|1
10162413-10101|1747400|1|9999|47500|0|0|0|0|1
10162421-10101|1748200|1|9999|13200|0|0|0|0|1
10162272-10101|1749780|1|9999|7799000|0|0|0|0|1
10162388-10101|1754421|1|9999|9900|0|0|0|0|1
10162388-10101|1754500|1|9999|34300|0|0|0|0|1
10162269-10101|1755940|1|9999|9649000|0|0|0|0|1
10162272-10101|1758500|1|9999|8899000|0|0|0|0|1
10162272-10101|1758520|1|9999|12349000|0|0|0|0|1
10162385-10101|0057336|1|9999|43500|0|0|0|0|1
10162385-10101|0057335|1|9999|43500|0|0|0|0|1
10162385-10101|0057334|1|9999|43500|0|0|0|0|1
10162385-10101|0081719|1|9999|43500|0|0|0|0|1
10162385-10101|1761360|1|9999|128500|0|0|0|0|1
10162404-10101|1761380|1|9999|145500|0|0|0|0|1
10162320-10101|1763100|1|9999|46500|0|0|0|0|1
10162320-10101|1763140|1|9999|46500|0|0|0|0|1
10162384-10101|1763180|1|9999|16100|0|0|0|0|1
10162384-10101|1763200|1|9999|13800|0|0|0|0|1
10162267-10101|1763640|1|9999|2349000|0|0|0|0|1
10162269-10101|1763660|1|9999|11599000|0|0|0|0|1
10162269-10101|1767322|1|9999|6749000|0|0|0|0|1
10162242-10101|1767400|1|9999|34300|0|0|0|0|1
10162361-10101|0048742|1|9999||20|0|0|0|1
10162382-10101|1767940|1|9999|7900|0|0|0|0|1
10162404-10101|1770652|1|9999|25900|0|0|0|0|1
10162246-10101|1771740|1|9999|427900|0|0|0|0|1
10162361-10101|0007837|1|9999||20|0|0|0|1
10162361-10101|1771780|1|9999||20|0|0|0|1
10162361-10101|0063365|1|9999||20|0|0|0|1
10162361-10101|1771800|1|9999||20|0|0|0|1
10162394-10101|1772320|1|9999|25500|0|0|0|0|1
10162394-10101|1772340|1|9999|25500|0|0|0|0|1
10162394-10101|1772360|1|9999|25500|0|0|0|0|1
10162394-10101|1772380|1|9999|26500|0|0|0|0|1
10162394-10101|1772400|1|9999|26500|0|0|0|0|1
10162394-10101|1772401|1|9999|26500|0|0|0|0|1
10162405-10101|1772402|1|9999|13900|0|0|0|0|1
10162405-10101|1772420|1|9999|13900|0|0|0|0|1
10162405-10101|1772421|1|9999|13900|0|0|0|0|1
10162405-10101|1772422|1|9999|16500|0|0|0|0|1
10162405-10101|1772423|1|9999|16500|0|0|0|0|1
10162405-10101|1772440|1|9999|16500|0|0|0|0|1
10162403-10101|1772460|1|9999|9200|0|0|0|0|1
10162361-10101|0063357|1|9999||20|0|0|0|1
10162421-10101|1774076|1|9999|16500|0|0|0|0|1
10162421-10101|1774077|1|9999|16500|0|0|0|0|1
10162391-10101|1774520|1|9999|22900|0|0|0|0|1
10162362-10101|1774600|1|9999||20|0|0|0|1
10162362-10101|1774601|1|9999||20|0|0|0|1
10162362-10101|1774602|1|9999||20|0|0|0|1
10162382-10101|1774818|1|9999|2950|0|0|0|0|1
10162386-10101|1775192|1|9999|7700|0|0|0|0|1
10162385-10101|1775473|1|9999|243900|0|0|0|0|1
10162385-10101|1775474|1|9999|243900|0|0|0|0|1
10162385-10101|1775475|1|9999|243900|0|0|0|0|1
10162385-10101|1775476|1|9999|207900|0|0|0|0|1
10162385-10101|1775477|1|9999|131500|0|0|0|0|1
10162266-10101|1775620|1|9999|9499000|0|0|0|0|1
10162266-10101|1775621|1|9999|12299000|0|0|0|0|1
10162403-10101|1776782|1|9999|42500|0|0|0|0|1
10162403-10101|1776785|1|9999|22900|0|0|0|0|1
10162403-10101|1776786|1|9999|22900|0|0|0|0|1
10162405-10101|1776795|1|9999|13500|0|0|0|0|1
10162317-10101|1776796|1|9999|31500|0|0|0|0|1
10162405-10101|1777000|1|9999|56900|0|0|0|0|1
10162380-10101|1777128|1|9999|69900|0|0|0|0|1
10162272-10101|1777803|1|9999|3849000|0|0|0|0|1
10162272-10101|1777804|1|9999|7899000|0|0|0|0|1
10162421-10101|1778070|1|9999|16300|0|0|0|0|1
10162382-10101|1778837|1|9999|14700|0|0|0|0|1
10162382-10101|1778838|1|9999|14700|0|0|0|0|1
10162359-10101|1779093|1|9999||70|0|0|0|1
10162359-10101|1779094|1|9999||70|0|0|0|1
10162359-10101|1779104|1|9999||70|0|0|0|1
10162359-10101|1779111|1|9999||70|0|0|0|1
10162359-10101|1779120|1|9999||70|0|0|0|1
10162359-10101|1779123|1|9999||70|0|0|0|1
10162359-10101|1779126|1|9999||70|0|0|0|1
10162359-10101|1779127|1|9999||70|0|0|0|1
10162359-10101|0040384|1|9999||70|0|0|0|1
10162320-10101|1779272|1|9999|19500|0|0|0|0|1
10162272-10101|1779461|1|9999|12049000|0|0|0|0|1
10162272-10101|1779463|1|9999|3699000|0|0|0|0|1
10162272-10101|1779465|1|9999|4499000|0|0|0|0|1
10162275-10101|1779467|1|9999|3249000|0|0|0|0|1
10162275-10101|1779477|1|9999|2799000|0|0|0|0|1
10162423-10101|0049496|1|9999|11900|0|0|0|0|1
10162276-10101|1779786|1|9999|2849000|0|0|0|0|1
10162380-10101|1781893|1|9999|17900|0|0|0|0|1
10161889-10101|1782369|1|9999|51400|0|0|0|0|1
10161889-10101|1782370|1|9999|51400|0|0|0|0|1
10161889-10101|1782371|1|9999|19900|0|0|0|0|1
10162423-10101|1782429|1|9999|67500|0|0|0|0|1
10162423-10101|1782430|1|9999|67500|0|0|0|0|1
10162421-10101|1782431|1|9999|67500|0|0|0|0|1
10162317-10101|1782641|1|9999|24500|0|0|0|0|1
10162385-10101|0092272|1|9999|30200|0|0|0|0|1
10162268-10101|1783457|1|9999|6999000|0|0|0|0|1
10162275-10101|1783458|1|9999|4399000|0|0|0|0|1
10162275-10101|1783471|1|9999|11249000|0|0|0|0|1
10162275-10101|1783484|1|9999|8899000|0|0|0|0|1
10162381-10101|1784102|1|9999|20700|0|0|0|0|1
10162381-10101|1784103|1|9999|8900|0|0|0|0|1
10162463-10101|1784369|1|9999|14249000|0|0|0|0|1
10162350-10101|1784386|1|9999|2300|0|0|0|0|1
10162350-10101|1784387|1|9999|2300|0|0|0|0|1
10162350-10101|1784394|1|9999|2300|0|0|0|0|1
10162350-10101|1784597|1|9999|2300|0|0|0|0|1
10162350-10101|1784598|1|9999|2300|0|0|0|0|1
10162350-10101|1784600|1|9999|25000|0|0|0|0|1
10162357-10101|1784601|1|9999|5600|0|0|0|0|1
10162357-10101|1784602|1|9999|5600|0|0|0|0|1
10162357-10101|1784603|1|9999|5600|0|0|0|0|1
10162357-10101|1784604|1|9999|5600|0|0|0|0|1
10162357-10101|1784611|1|9999|5600|0|0|0|0|1
10161889-10101|1785098|1|9999|18000|0|0|0|0|1
10161890-10101|1785112|1|9999|71900|0|0|0|0|1
10161728-10101|1785115|1|9999|51900|0|0|0|0|1
10161890-10101|1785116|1|9999|69300|0|0|0|0|1
10161890-10101|1785118|1|9999|51900|0|0|0|0|1
10161890-10101|1785119|1|9999|46500|0|0|0|0|1
10162404-10101|1786118|1|9999|13700|0|0|0|0|1
10162404-10101|1786135|1|9999|8900|0|0|0|0|1
10162386-10101|1786222|1|9999|3300|0|0|0|0|1
10162397-10101|1786472|1|9999|53000|0|0|0|0|1
10162397-10101|1786517|1|9999|53000|0|0|0|0|1
10162397-10101|1786526|1|9999|53000|0|0|0|0|1
10162323-10101|1786728|1|9999|50800|0|0|0|0|1
10162323-10101|1786729|1|9999|50800|0|0|0|0|1
10162323-10101|1786730|1|9999|50800|0|0|0|0|1
10162405-10101|1786742|1|9999|9200|0|0|0|0|1
10162276-10101|1786784|1|9999|329900|0|0|0|0|1
10162269-10101|1786785|1|9999|8599000|0|0|0|0|1
10162388-10101|1787220|1|9999|3900|0|0|0|0|1
10162388-10101|1787221|1|9999|15700|0|0|0|0|1
10162388-10101|1787222|1|9999|2300|0|0|0|0|1
10162388-10101|1787223|1|9999|6500|0|0|0|0|1
10162380-10101|0070945|1|9999|84600|0|0|0|0|1
10162380-10101|0070946|1|9999|84600|0|0|0|0|1
10162380-10101|0070947|1|9999|84600|0|0|0|0|1
10162421-10101|1789020|1|9999|17500|0|0|0|0|1
10162384-10101|1789420|1|9999|32100|0|0|0|0|1
10162394-10101|1789421|1|9999|15900|0|0|0|0|1
10162394-10101|1789443|1|9999|15900|0|0|0|0|1
10162380-10101|1789446|1|9999|9200|0|0|0|0|1
10162385-10101|1789976|1|9999|116900|0|0|0|0|1
10162317-10101|1790183|1|9999|24500|0|0|0|0|1
10162381-10101|1790353|1|9999|6000|0|0|0|0|1
10162381-10101|1790354|1|9999|6900|0|0|0|0|1
10162414-10101|1791437|1|9999|5000|0|0|0|0|1
10162269-10101|1791602|1|9999|4199000|0|0|0|0|1
10162360-10101|1791663|1|9999||50|0|0|0|1
10162360-10101|1791674|1|9999||50|0|0|0|1
10162360-10101|1791681|1|9999||50|0|0|0|1
10162360-10101|1791682|1|9999||50|0|0|0|1
10162360-10101|1791854|1|9999||50|0|0|0|1
10162360-10101|1791859|1|9999||50|0|0|0|1
10162360-10101|1791860|1|9999||50|0|0|0|1
10162360-10101|1791867|1|9999||50|0|0|0|1
10162360-10101|1791868|1|9999||50|0|0|0|1
10162360-10101|1791881|1|9999||50|0|0|0|1
10162360-10101|1791882|1|9999||50|0|0|0|1
10162360-10101|1791883|1|9999||50|0|0|0|1
10162360-10101|1791884|1|9999||50|0|0|0|1
10162360-10101|1791885|1|9999||50|0|0|0|1
10162360-10101|1791886|1|9999||50|0|0|0|1
10162360-10101|1791887|1|9999||50|0|0|0|1
10162360-10101|1791889|1|9999||50|0|0|0|1
10162360-10101|1791890|1|9999||50|0|0|0|1
10162360-10101|1791891|1|9999||50|0|0|0|1
10162360-10101|1791892|1|9999||50|0|0|0|1
10162401-10101|1791901|1|9999|32500|0|0|0|0|1
10162401-10101|1791902|1|9999|32500|0|0|0|0|1
10162395-10101|1792397|1|9999|4100|0|0|0|0|1
10162423-10101|0058893|1|9999|6500|0|0|0|0|1
10162395-10101|1792422|1|9999|4100|0|0|0|0|1
10162320-10101|0059672|1|9999|46500|0|0|0|0|1
10161728-10101|1792700|1|9999|44600|0|0|0|0|1
10161728-10101|1792701|1|9999|81200|0|0|0|0|1
10161728-10101|1792702|1|9999|22700|0|0|0|0|1
10161728-10101|1792703|1|9999|51200|0|0|0|0|1
10162389-10101|1793989|1|9999|34900|0|0|0|0|1
10162385-10101|1794166|1|9999|24500|0|0|0|0|1
10161728-10101|1794243|1|9999|40200|0|0|0|0|1
10162380-10101|1794424|1|9999|44800|0|0|0|0|1
10162380-10101|1794425|1|9999|44800|0|0|0|0|1
10162380-10101|1794426|1|9999|44800|0|0|0|0|1
10162320-10101|1794476|1|9999|15900|0|0|0|0|1
10162357-10101|1795342|1|9999|24300|0|0|0|0|1
10162357-10101|1795343|1|9999|24300|0|0|0|0|1
10162350-10101|1795344|1|9999|2300|0|0|0|0|1
10162357-10101|1795345|1|9999|24300|0|0|0|0|1
10162357-10101|1795346|1|9999|24300|0|0|0|0|1
10162350-10101|1795347|1|9999|2300|0|0|0|0|1
10162357-10101|1795350|1|9999|24300|0|0|0|0|1
10162247-10101|1795422|1|9999|15750|0|0|0|0|1
10162412-10101|1797164|1|9999|170500|0|0|0|0|1
10162394-10101|1797165|1|9999|82900|0|0|0|0|1
10162394-10101|1797170|1|9999|82900|0|0|0|0|1
10162412-10101|1797180|1|9999|170500|0|0|0|0|1
10162412-10101|1797181|1|9999|170500|0|0|0|0|1
10162394-10101|1797182|1|9999|82900|0|0|0|0|1
10162394-10101|1797184|1|9999|82900|0|0|0|0|1
10162412-10101|1797185|1|9999|101900|0|0|0|0|1
10162412-10101|1797186|1|9999|203900|0|0|0|0|1
10162412-10101|1797187|1|9999|203900|0|0|0|0|1
10162412-10101|1797188|1|9999|242900|0|0|0|0|1
10162412-10101|1797189|1|9999|242900|0|0|0|0|1
10162412-10101|1797190|1|9999|242900|0|0|0|0|1
10162405-10101|1797191|1|9999|45500|0|0|0|0|1
10162405-10101|1797192|1|9999|46900|0|0|0|0|1
10162405-10101|1797193|1|9999|52500|0|0|0|0|1
10162405-10101|1797194|1|9999|52500|0|0|0|0|1
10162405-10101|1797195|1|9999|52500|0|0|0|0|1
10162405-10101|1797196|1|9999|52500|0|0|0|0|1
