10162447-10101|1|10101|10162447|PROMO ALL HSP|1683936000|1688169540|0|0|1|1|1|1|1|1|1|1
10161889-10101|1|10101|10161889|WEEKEND ALL 30/06/23|1681344000|1688169540|0|0|1|1|1|1|1|1|1|1
10162381-10101|1|10101|10162381|WEEKEND ALL|1683763200|1684367940|0|0|1|1|1|1|1|1|1|1
10162391-10101|1|10101|10162391|WEEKEND SPM 31/05/23|1683763200|1685577540|0|0|1|1|1|1|1|1|1|1
10162444-10101|1|10101|10162444|PROMO HSP SPM 24/05/23|1683936000|1684972740|0|0|1|1|1|1|1|1|1|1
10162393-10101|1|10101|10162393|WEEKEND TK BKM MTR|1683763200|1684367940|0|0|1|1|1|1|1|1|1|1
10162420-10101|1|10101|10162420|PROMO HSP ALL 24/05/23|1683849600|1684972740|0|0|1|1|1|1|1|1|1|1
10162405-10101|1|10101|10162405|WEEKEND ALL|1683763200|1684367940|0|0|1|1|1|1|1|1|1|1
10162362-10101|1|10101|10162362|PROMO DISC 20% ALL|1683676800|1685577540|0|0|1|1|1|1|1|1|1|1
10162323-10101|1|10101|10162323|PROMO TK|1683417600|1685577540|0|0|1|1|1|1|1|1|1|1
10162423-10101|1|10101|10162423|PROMO HSP TK 24/05/23|1683849600|1684972740|0|0|1|1|1|1|1|1|1|1
10162359-10101|1|10101|10162359|PROMO DISC 70% ALL|1683676800|1685577540|0|0|1|1|1|1|1|1|1|1
10161728-10101|1|10101|10161728|WEEKEND ALL 30/06/23|1680739200|1688169540|0|0|1|1|1|1|1|1|1|1
10162314-10101|1|10101|10162314|PROMO WEEKEND ALL|1683331200|1685577540|0|0|1|1|1|1|1|1|1|1
10162383-10101|1|10101|10162383|WEEKEND ALL 14/05/23|1683763200|1684108740|0|0|1|1|1|1|1|1|1|1
10162426-10101|1|10101|10162426|PROMO ALL HSP|1683849600|1688169540|0|0|1|1|1|1|1|1|1|1
10162343-10101|1|10101|10162343|PROMO GREEFILD SPM|1683590400|1684195140|0|0|1|1|1|1|1|1|1|1
10162317-10101|1|10101|10162317|PROMO WEKEND ALL|1683331200|1685577540|0|0|1|1|1|1|1|1|1|1
10162356-10101|1|10101|10162356|PROMO SPM|1683676800|1685577540|0|0|1|1|1|1|1|1|1|1
10162253-10101|1|10101|10162253|PROMO ELKT SPM,KML|1683158400|1684367940|0|0|1|1|1|1|1|1|1|1
10162350-10101|1|10101|10162350|PROMO ALL|1683590400|1685577540|0|0|1|1|1|1|1|1|1|1
10162385-10101|1|10101|10162385|WEEKEND SPM|1683763200|1684367940|0|0|1|1|1|1|1|1|1|1
10161730-10101|1|10101|10161730|WEEKEND SPM 30/06/23|1680739200|1688169540|0|0|1|1|1|1|1|1|1|1
10162464-10101|1|10101|10162464|HSP SPM -BKM|1684022400|1684799940|0|0|1|1|1|1|1|1|1|1
10162411-10101|1|10101|10162411|WEEKEND TK TB ATS BKM|1683763200|1684367940|0|0|1|1|1|1|1|1|1|1
10162413-10101|1|10101|10162413|WEEKEND TK BKM PSW TB ATS MTR|1683763200|1684367940|0|0|1|1|1|1|1|1|1|1
10162421-10101|1|10101|10162421|PROMO HSP SPM 24/0523|1683849600|1684972740|0|0|1|1|1|1|1|1|1|1
10162268-10101|1|10101|10162268|PROMO ELKTRNK SPM|1683158400|1684799940|0|0|1|1|1|1|1|1|1|1
10162446-10101|1|10101|10162446|PROMO HSP ALL 17/05/23|1683936000|1684367940|0|0|1|1|1|1|1|1|1|1
10162328-10101|1|10101|10162328|PROMO ALL SENKA|1683417600|1685577540|0|0|1|1|1|1|1|1|1|1
10162382-10101|1|10101|10162382|WEEKEND ALL|1683763200|1684367940|0|0|1|1|1|1|1|1|1|1
10162400-10101|1|10101|10162400|WEEKEND TK TB WH|1683763200|1684367940|0|0|1|1|1|1|1|1|1|1
10162398-10101|1|10101|10162398|WEEKEND ALL 24/05/23|1683763200|1684972740|0|0|1|1|1|1|1|1|1|1
10162386-10101|1|10101|10162386|WEEKEND ALL|1683763200|1684367940|0|0|1|1|1|1|1|1|1|1
10162360-10101|1|10101|10162360|PROMO DISC ONYX 50% ALL|1683676800|1685577540|0|0|1|1|1|1|1|1|1|1
10162465-10101|1|10101|10162465|HSP ELETRO SPM  WH|1684022400|1684799940|0|0|1|1|1|1|1|1|1|1
10162397-10101|1|10101|10162397|WEEKEND TK MTR|1683763200|1684367940|0|0|1|1|1|1|1|1|1|1
10162361-10101|1|10101|10162361|PROMO CLARIS DISC 20% ALL|1683676800|1685577540|0|0|1|1|1|1|1|1|1|1
10162269-10101|1|10101|10162269|PROMO ELKTRNK SPM,(MBK),HALIM|1683158400|1684799940|0|0|1|1|1|1|1|1|1|1
10162392-10101|1|10101|10162392|WEEKEND SPM WH KML 31/05/23|1683763200|1685577540|0|0|1|1|1|1|1|1|1|1
10162192-10101|1|10101|10162192|PROMO SPM HSP|1682899200|1684195140|0|0|1|1|1|1|1|1|1|1
10162399-10101|1|10101|10162399|WEEKEND TK TB|1683763200|1684367940|0|0|1|1|1|1|1|1|1|1
10161890-10101|1|10101|10161890|WEEKEND SPM 30/06/23|1681344000|1688169540|0|0|1|1|1|1|1|1|1|1
10162402-10101|1|10101|10162402|WEEKEND TK BKM WH|1683763200|1684367940|0|0|1|1|1|1|1|1|1|1
10162272-10101|1|10101|10162272|PROMO ELKTRNK TK,AS,MBK,MTRO|1683158400|1684108740|0|0|1|1|1|1|1|1|1|1
10162330-10101|1|10101|10162330|PROMO SENKA TK,MTR|1683417600|1685577540|0|0|1|1|1|1|1|1|1|1
10162357-10101|1|10101|10162357|PROMO ALL|1683676800|1685577540|0|0|1|1|1|1|1|1|1|1
10162321-10101|1|10101|10162321|PROMO SPM|1683417600|1685577540|0|0|1|1|1|1|1|1|1|1
10162395-10101|1|10101|10162395|WEEKEND ALL 07/06/23|1683763200|1686182340|0|0|1|1|1|1|1|1|1|1
10162410-10101|1|10101|10162410|WEEKEND SPM|1683763200|1684367940|0|0|1|1|1|1|1|1|1|1
10162394-10101|1|10101|10162394|WEEKEND SPM WH KML KDM|1683763200|1684367940|0|0|1|1|1|1|1|1|1|1
10162404-10101|1|10101|10162404|WEEKEND ALL|1683763200|1684367940|0|0|1|1|1|1|1|1|1|1
10162275-10101|1|10101|10162275|PROMO ELEKTRNK TK,MTR|1683158400|1684799940|0|0|1|1|1|1|1|1|1|1
10162461-10101|1|10101|10162461|PROMO ALL 31/05/23|1684022400|1685577540|0|0|1|1|1|1|1|1|1|1
10162463-10101|1|10101|10162463|HSP ELETRO SPM -BKM +WH|1684022400|1684799940|0|0|1|1|1|1|1|1|1|1
10162388-10101|1|10101|10162388|WEEKEND SPM WH KML KDM 31/05|1683763200|1685577540|0|0|1|1|1|1|1|1|1|1
10162285-10101|1|10101|10162285|PROMO WEKEEND SPM,WH,KDM,KML|1683244800|1685577540|0|0|1|1|1|1|1|1|1|1
10162401-10101|1|10101|10162401|WEEKEND TK WH|1683763200|1684367940|0|0|1|1|1|1|1|1|1|1
10161973-10101|1|10101|10161973|PROMO SCOT BRT 10% ALL|1681603200|1684108740|0|0|1|1|1|1|1|1|1|1
10162422-10101|1|10101|10162422|PROMO HSP TK MTR 24/05/23|1683849600|1684972740|0|0|1|1|1|1|1|1|1|1
10162274-10101|1|10101|10162274|PROMO ELKTRNK TK,MTR|1683158400|1684108740|0|0|1|1|1|1|1|1|1|1
10162320-10101|1|10101|10162320|PROMO ALL|1683417600|1685577540|0|0|1|1|1|1|1|1|1|1
10162246-10101|1|10101|10162246|PROMO WEKEND ELETRONIK SPM|1683158400|1684367940|0|0|1|1|1|1|1|1|1|1
10162247-10101|1|10101|10162247|WEEKEND SPM 15/05/23|1683158400|1684195140|0|0|1|1|1|1|1|1|1|1
10162342-10101|1|10101|10162342|PROMO GREEFIELD ALL|1683590400|1684195140|0|0|1|1|1|1|1|1|1|1
10162250-10101|1|10101|10162250|WEEKEND ALL 15/05/23|1683158400|1684195140|0|0|1|1|1|1|1|1|1|1
10162315-10101|1|10101|10162315|PROMO ALL HSP|1683331200|1685577540|0|0|1|1|1|1|1|1|1|1
10162460-10101|1|10101|10162460|PROMO TK 31/05/23|1684022400|1685577540|0|0|1|1|1|1|1|1|1|1
10162412-10101|1|10101|10162412|WEEKEND TK MTR BKM ATS|1683763200|1684367940|0|0|1|1|1|1|1|1|1|1
10162242-10101|1|10101|10162242|WEEKEND ALL 31/05/23|1683158400|1685577540|0|0|1|1|1|1|1|1|1|1
10162443-10101|1|10101|10162443|PROMO HSP ALL 24/05/23|1683936000|1684972740|0|0|1|1|1|1|1|1|1|1
10162329-10101|1|10101|10162329|PROMO SENKA SPM|1683417600|1685577540|0|0|1|1|1|1|1|1|1|1
10162266-10101|1|10101|10162266|PROMO ELKTRNK SPM,WH|1683158400|1684799940|0|0|1|1|1|1|1|1|1|1
10162414-10101|1|10101|10162414|PROMO WEEKEND HSP +|1683763200|1684367940|0|0|1|1|1|1|1|1|1|1
10162462-10101|1|10101|10162462|HSP ELETRO TK MTR 22/5/23|1684022400|1684799940|0|0|1|1|1|1|1|1|1|1
10162276-10101|1|10101|10162276|PROMO ELKTRNK SPM(MBK)|1683158400|1684799940|0|0|1|1|1|1|1|1|1|1
10162313-10101|1|10101|10162313|PROMO WEKEND SPM.WH.KDM.KML|1683331200|1685577540|0|0|1|1|1|1|1|1|1|1
10162403-10101|1|10101|10162403|WEEKEND ALL|1683763200|1684367940|0|0|1|1|1|1|1|1|1|1
10162267-10101|1|10101|10162267|PROMO ELKTRNK TK|1683158400|1684799940|0|0|1|1|1|1|1|1|1|1
10162354-10101|1|10101|10162354|PROMO TK|1683590400|1685577540|0|0|1|1|1|1|1|1|1|1
10162384-10101|1|10101|10162384|WEEKEND ALL 31/05/23|1683763200|1685577540|0|0|1|1|1|1|1|1|1|1
10162424-10101|1|10101|10162424|PROMO HSP SPM 24/05/23|1683849600|1684972740|0|0|1|1|1|1|1|1|1|1
10162351-10101|1|10101|10162351|PROMO SPM|1683590400|1685577540|0|0|1|1|1|1|1|1|1|1
10162389-10101|1|10101|10162389|WEEKEND SPM WH KML|1683763200|1684367940|0|0|1|1|1|1|1|1|1|1
10162396-10101|1|10101|10162396|WEEKEND ALL 16/05/23|1683763200|1684281540|0|0|1|1|1|1|1|1|1|1
10162380-10101|1|10101|10162380|WEEKEND TK|1683763200|1684367940|0|0|1|1|1|1|1|1|1|1
